/*--------------------------------*- C++ -*----------------------------------*\
| =========                 |                                                 |
| \\      /  F ield         | OpenFOAM: The Open Source CFD Toolbox           |
|  \\    /   O peration     | Version:  v1906                                 |
|   \\  /    A nd           | Web:      www.OpenFOAM.com                      |
|    \\/     M anipulation  |                                                 |
\*---------------------------------------------------------------------------*/
FoamFile
{
    version     2.0;
    format      ascii;
    class       volScalarField;
    location    "0.5";
    object      p;
}
// * * * * * * * * * * * * * * * * * * * * * * * * * * * * * * * * * * * * * //

dimensions      [0 2 -2 0 0 0 0];


internalField   nonuniform List<scalar> 
4800
(
-7.80261e-11
1.67242e-05
5.48651e-05
0.000103671
0.00015794
0.000207246
0.000246196
0.000264369
0.000251162
0.000191494
6.54394e-05
-0.000150515
-0.000456171
-0.000823725
-0.00120728
-0.00156067
-0.00184715
-0.00203564
-0.00208867
-0.00195772
6.4458e-06
2.09449e-05
5.1772e-05
9.55341e-05
0.00015118
0.000213509
0.000262667
0.000283068
0.00026412
0.000179315
1.01912e-05
-0.00024154
-0.000556765
-0.00090273
-0.00124942
-0.00157064
-0.00184197
-0.0020369
-0.0021202
-0.00203887
8.55013e-06
2.23574e-05
5.18003e-05
9.26872e-05
0.000147414
0.000212396
0.000264065
0.000278203
0.00023748
0.00012675
-5.68033e-05
-0.000301914
-0.000589807
-0.000905996
-0.0012298
-0.00153751
-0.00180655
-0.00200808
-0.00210243
-0.00203387
1.01226e-05
2.44386e-05
5.45689e-05
9.57395e-05
0.000141985
0.000194188
0.000242576
0.000255896
0.000206134
8.71172e-05
-9.68601e-05
-0.000333468
-0.000608334
-0.000907139
-0.00121494
-0.00151396
-0.0017797
-0.0019827
-0.0020832
-0.00202612
1.13795e-05
2.57929e-05
5.45168e-05
9.39872e-05
0.000135438
0.000175086
0.000207649
0.000211908
0.000163136
4.8639e-05
-0.000128508
-0.000357094
-0.000621534
-0.000906954
-0.00119896
-0.00148159
-0.00173389
-0.00192783
-0.00202535
-0.00197409
1.16915e-05
2.61413e-05
5.27113e-05
8.77061e-05
0.000124246
0.000153351
0.000167535
0.000155811
0.000104339
8.94759e-07
-0.000160097
-0.000371793
-0.000620849
-0.000890499
-0.00116551
-0.0014301
-0.00166509
-0.0018445
-0.00193298
-0.00188344
1.09909e-05
2.42566e-05
4.80946e-05
7.72168e-05
0.000105091
0.00012369
0.000123749
9.79009e-05
3.97533e-05
-5.64347e-05
-0.000196179
-0.000381335
-0.000604576
-0.000852745
-0.00110992
-0.00135884
-0.0015798
-0.00174764
-0.00182964
-0.00178398
8.47924e-06
2.00851e-05
3.94191e-05
6.15194e-05
7.90519e-05
8.61936e-05
7.6166e-05
4.13929e-05
-2.14048e-05
-0.000112957
-0.000235664
-0.000392673
-0.000584298
-0.000803882
-0.00103882
-0.00127114
-0.0014789
-0.00163661
-0.00171385
-0.0016738
3.50341e-06
1.28265e-05
2.61603e-05
4.0035e-05
4.78529e-05
4.43433e-05
2.56068e-05
-1.35871e-05
-7.69383e-05
-0.000164415
-0.000274508
-0.000408915
-0.000570447
-0.00075807
-0.000963033
-0.00117059
-0.00136046
-0.00150755
-0.00158281
-0.00155308
-4.7071e-06
1.58472e-06
8.64262e-06
1.4002e-05
1.29232e-05
5.733e-07
-2.54521e-05
-6.74462e-05
-0.000128622
-0.000209924
-0.000309878
-0.000427266
-0.00056295
-0.000717413
-0.000887404
-0.00106315
-0.00122897
-0.00136311
-0.00143851
-0.00142386
-1.68332e-05
-1.35845e-05
-1.28457e-05
-1.56418e-05
-2.48197e-05
-4.41098e-05
-7.52278e-05
-0.000119041
-0.000177371
-0.000251259
-0.00034003
-0.000442158
-0.000556549
-0.000683195
-0.000820563
-0.000963448
-0.00110097
-0.00121615
-0.00128659
-0.00128546
-3.30143e-05
-3.30456e-05
-3.78503e-05
-4.76979e-05
-6.38363e-05
-8.83654e-05
-0.000122782
-0.000167386
-0.000222384
-0.000288497
-0.000365739
-0.000453102
-0.000549535
-0.000653983
-0.000764794
-0.000878
-0.000986432
-0.00107858
-0.00113773
-0.00114282
-5.33523e-05
-5.62295e-05
-6.56102e-05
-8.12142e-05
-0.000102794
-0.000131195
-0.000167415
-0.000211377
-0.00026284
-0.000321863
-0.000388405
-0.000462165
-0.000542388
-0.000627956
-0.000717084
-0.000806363
-0.000890087
-0.000959923
-0.00100433
-0.00100878
-7.71921e-05
-8.25886e-05
-9.55537e-05
-0.000115115
-0.000140597
-0.000171695
-0.000208475
-0.000250867
-0.000298497
-0.000351065
-0.000408421
-0.000470243
-0.000536117
-0.000605223
-0.000675854
-0.00074531
-0.000809104
-0.000860964
-0.000892834
-0.00089496
-0.000103876
-0.000111181
-0.00012656
-0.000148668
-0.000176528
-0.000208975
-0.000245512
-0.000285913
-0.000329714
-0.000376444
-0.000425741
-0.00047733
-0.000530813
-0.000585645
-0.000640797
-0.000694142
-0.000742379
-0.000780882
-0.000803967
-0.00080517
-0.000132165
-0.000140733
-0.000157688
-0.000181136
-0.00020984
-0.000242577
-0.00027833
-0.000316478
-0.000356564
-0.000398127
-0.00044067
-0.000483715
-0.000526871
-0.000569832
-0.000612071
-0.000652398
-0.00068863
-0.000717594
-0.000735319
-0.000737397
-0.000160622
-0.000169936
-0.000187633
-0.000211553
-0.000240273
-0.000272501
-0.000306928
-0.00034267
-0.000379193
-0.000416092
-0.000452977
-0.000489434
-0.000525049
-0.000559365
-0.000591872
-0.000621912
-0.000648347
-0.000669362
-0.000682575
-0.000685321
-0.000187518
-0.000197141
-0.000214952
-0.000238788
-0.000267002
-0.000298276
-0.000331291
-0.000364936
-0.000398473
-0.000431441
-0.000463479
-0.000494279
-0.000523611
-0.000551374
-0.000577527
-0.000601768
-0.000623331
-0.000640914
-0.000652793
-0.000657053
-0.000211257
-0.000220643
-0.000237936
-0.000261077
-0.000288322
-0.000318315
-0.000349838
-0.000381768
-0.000413206
-0.00044354
-0.000472365
-0.000499368
-0.000524288
-0.000546943
-0.000567259
-0.000585217
-0.000600714
-0.00061341
-0.000622655
-0.000627578
-0.000231998
-0.000242132
-0.000259753
-0.000282916
-0.000309921
-0.000339359
-0.000370039
-0.00040089
-0.000430984
-0.000459619
-0.000486326
-0.000510787
-0.000532753
-0.000552042
-0.000568553
-0.000582299
-0.000593377
-0.000602058
-0.000608466
-0.000612613
-0.00157266
-0.000981039
-0.000333413
0.000225813
0.000641849
0.000898768
0.000998288
0.000961397
0.000822233
0.000619532
0.00038986
0.000163633
-3.63567e-05
-0.000195126
-0.000305831
-0.000370358
-0.000397503
-0.000399631
-0.000389678
-0.000379049
-0.00037612
-0.000385005
-0.000404969
-0.000432227
-0.000463355
-0.000498088
-0.000539308
-0.000588883
-0.000643006
-0.000691878
-0.000725045
-0.000739471
-0.00074353
-0.000752307
-0.000777079
-0.000816702
-0.000858071
-0.000886335
-0.000897345
-0.000901912
-0.000917664
-0.000954476
-0.00100489
-0.00104883
-0.00107116
-0.00107583
-0.00108159
-0.00110389
-0.001141
-0.00117753
-0.00120152
-0.00121632
-0.00123481
-0.00126492
-0.0013023
-0.00133496
-0.00135464
-0.00136587
-0.00138288
-0.00141448
-0.00145288
-0.00148314
-0.001502
-0.00152043
-0.00154818
-0.0015817
-0.00160973
-0.00162896
-0.00164933
-0.00168072
-0.00171868
-0.00174991
-0.0017707
-0.00179214
-0.00182332
-0.00185744
-0.00188429
-0.00190773
-0.00193667
-0.00196796
-0.00199374
-0.00201703
-0.00204586
-0.00208004
-0.00211411
-0.00214658
-0.00217949
-0.00221357
-0.00224781
-0.00228136
-0.00231333
-0.00234229
-0.00236794
-0.002393
-0.00242121
-0.00245336
-0.00248733
-0.00252199
-0.00255805
-0.00259509
-0.00263104
-0.00266511
-0.0026991
-0.00273493
-0.00277241
-0.00281005
-0.00284703
-0.00288375
-0.00292102
-0.00295895
-0.00299693
-0.00303459
-0.00307257
-0.00311192
-0.0031526
-0.00319334
-0.00323329
-0.00327335
-0.00331539
-0.00335993
-0.00340513
-0.0034488
-0.00349125
-0.00353533
-0.00358377
-0.0036364
-0.00368974
-0.00374009
-0.00378714
-0.00383483
-0.00388898
-0.00395346
-0.00402736
-0.00410485
-0.00417741
-0.0042372
-0.00427977
-0.00430472
-0.00431396
-0.00431803
-0.00431607
-0.00431897
-0.00432341
-0.00433236
-0.00434595
-0.00436384
-0.00438512
-0.00440923
-0.00443528
-0.00446298
-0.00449168
-0.00452135
-0.00455159
-0.00458243
-0.00461369
-0.00464535
-0.00467743
-0.00470975
-0.00474258
-0.00477549
-0.00480903
-0.00484252
-0.00487671
-0.0049108
-0.00494558
-0.00498032
-0.00501559
-0.00505106
-0.00508674
-0.00512297
-0.00515906
-0.00519597
-0.00523259
-0.00527005
-0.00530736
-0.00534519
-0.00538333
-0.00542146
-0.0054604
-0.00549899
-0.00553849
-0.00557784
-0.00561766
-0.00565793
-0.00569802
-0.00573909
-0.00577976
-0.00582127
-0.00586288
-0.0059046
-0.00594717
-0.00598934
-0.00603249
-0.00607553
-0.00611894
-0.00616301
-0.00620677
-0.00625162
-0.00629612
-0.00634134
-0.00638689
-0.0064324
-0.00647883
-0.00652505
-0.00657184
-0.00661915
-0.00666623
-0.00671428
-0.00676217
-0.00681038
-0.00685898
-0.00690752
-0.00695598
-0.00700453
-0.00705236
-0.0070996
-0.00714544
-0.00718964
-0.00723093
-0.00726862
-0.0017142
-0.00115785
-0.000507451
7.78727e-05
0.000526239
0.000814106
0.000939448
0.000921211
0.000794384
0.000600289
0.00037786
0.000158368
-3.61681e-05
-0.000192127
-0.000303099
-0.000370339
-0.000401538
-0.000407868
-0.000401266
-0.000392379
-0.000389159
-0.000395838
-0.000412506
-0.000436558
-0.000465444
-0.00049916
-0.000540342
-0.000590489
-0.000645544
-0.000695463
-0.000729441
-0.000744056
-0.000747561
-0.000755375
-0.000779333
-0.000818702
-0.000860354
-0.000888977
-0.000899983
-0.000904186
-0.000919514
-0.000956099
-0.00100663
-0.001051
-0.00107371
-0.00107827
-0.00108338
-0.00110505
-0.00114226
-0.00117947
-0.00120389
-0.00121834
-0.00123594
-0.00126555
-0.00130344
-0.00133702
-0.00135694
-0.00136747
-0.00138374
-0.0014153
-0.00145419
-0.00148485
-0.00150363
-0.00152161
-0.00154911
-0.00158302
-0.00161156
-0.00163052
-0.00165013
-0.00168128
-0.00171977
-0.00175154
-0.00177208
-0.00179276
-0.00182381
-0.00185861
-0.00188572
-0.00190865
-0.00193753
-0.00196947
-0.00199547
-0.00201832
-0.0020469
-0.00208123
-0.00211531
-0.0021475
-0.00218012
-0.00221401
-0.00224814
-0.0022817
-0.00231387
-0.00234314
-0.00236904
-0.00239418
-0.00242243
-0.00245472
-0.00248879
-0.00252333
-0.00255916
-0.00259609
-0.00263198
-0.00266593
-0.00269981
-0.00273565
-0.00277322
-0.00281089
-0.00284779
-0.00288443
-0.00292169
-0.00295967
-0.00299767
-0.0030353
-0.00307325
-0.00311264
-0.00315338
-0.00319408
-0.00323391
-0.00327391
-0.00331596
-0.00336055
-0.00340571
-0.00344927
-0.00349155
-0.00353546
-0.00358378
-0.00363638
-0.0036897
-0.00373987
-0.00378656
-0.00383371
-0.00388721
-0.00395111
-0.00402446
-0.00410114
-0.00417266
-0.00423164
-0.0042737
-0.00429833
-0.00430956
-0.00431472
-0.00431601
-0.00431702
-0.00432252
-0.00433249
-0.00434682
-0.00436521
-0.00438675
-0.00441094
-0.00443692
-0.00446447
-0.00449296
-0.00452241
-0.00455242
-0.00458308
-0.00461417
-0.0046457
-0.00467768
-0.00470992
-0.0047427
-0.00477556
-0.00480909
-0.00484254
-0.00487675
-0.00491081
-0.00494559
-0.00498033
-0.00501559
-0.00505107
-0.00508674
-0.00512297
-0.00515906
-0.00519598
-0.00523257
-0.00527004
-0.00530737
-0.00534518
-0.00538333
-0.00542145
-0.0054604
-0.00549899
-0.0055385
-0.00557785
-0.00561765
-0.00565793
-0.00569802
-0.00573909
-0.00577977
-0.00582126
-0.00586288
-0.0059046
-0.00594717
-0.00598933
-0.00603248
-0.00607553
-0.00611894
-0.00616301
-0.00620676
-0.00625161
-0.00629613
-0.00634133
-0.00638689
-0.0064324
-0.00647883
-0.00652505
-0.00657185
-0.00661915
-0.00666625
-0.00671427
-0.0067622
-0.00681036
-0.00685901
-0.0069075
-0.00695604
-0.0070045
-0.00705244
-0.00709958
-0.00714551
-0.00718965
-0.00723126
-0.00726958
-0.00172592
-0.00118884
-0.000552852
2.6049e-05
0.000473312
0.00076305
0.000893013
0.000881594
0.00076308
0.000578426
0.000366614
0.00015872
-2.44781e-05
-0.000171814
-0.000279275
-0.000348604
-0.000386252
-0.000401212
-0.00040306
-0.000400523
-0.000400267
-0.000406136
-0.00041903
-0.000438077
-0.000462588
-0.000493671
-0.000534044
-0.000584804
-0.00064141
-0.000693312
-0.000729108
-0.00074476
-0.000748235
-0.00075525
-0.000778386
-0.000817541
-0.000859552
-0.000888516
-0.00089931
-0.000902891
-0.000917821
-0.000954583
-0.00100577
-0.0010509
-0.00107399
-0.00107832
-0.00108277
-0.00110402
-0.00114158
-0.00117964
-0.00120454
-0.00121849
-0.001235
-0.00126414
-0.00130294
-0.00133788
-0.001358
-0.00136745
-0.00138272
-0.00141437
-0.00145407
-0.00148528
-0.00150387
-0.00152138
-0.00154897
-0.00158371
-0.00161289
-0.00163142
-0.00165003
-0.00168106
-0.00172055
-0.0017529
-0.00177249
-0.00179184
-0.00182283
-0.00185836
-0.00188537
-0.00190772
-0.00193709
-0.00197038
-0.00199711
-0.00202004
-0.00204911
-0.00208418
-0.00211825
-0.00214956
-0.00218088
-0.00221323
-0.00224587
-0.00227848
-0.00231053
-0.00234039
-0.00236753
-0.00239469
-0.00242535
-0.00245919
-0.00249295
-0.00252579
-0.00256001
-0.00259626
-0.00263225
-0.00266671
-0.00270119
-0.00273727
-0.00277437
-0.00281126
-0.00284787
-0.00288481
-0.00292229
-0.00296002
-0.00299777
-0.00303574
-0.00307433
-0.00311375
-0.00315376
-0.0031939
-0.00323415
-0.00327515
-0.00331752
-0.00336104
-0.00340475
-0.00344806
-0.00349166
-0.00353715
-0.0035855
-0.00363581
-0.003686
-0.00373476
-0.00378283
-0.00383287
-0.0038882
-0.00395008
-0.0040168
-0.00408396
-0.00414589
-0.00419754
-0.00423643
-0.00426443
-0.00428598
-0.00429567
-0.00430324
-0.0043093
-0.00431805
-0.00433012
-0.00434561
-0.00436449
-0.00438615
-0.00441029
-0.00443619
-0.00446368
-0.00449219
-0.0045217
-0.00455181
-0.00458257
-0.00461376
-0.0046454
-0.00467744
-0.00470977
-0.00474257
-0.0047755
-0.00480901
-0.00484253
-0.00487668
-0.00491081
-0.00494556
-0.00498033
-0.00501559
-0.00505105
-0.00508676
-0.00512294
-0.0051591
-0.00519594
-0.00523264
-0.00527001
-0.00530739
-0.00534517
-0.00538332
-0.00542148
-0.00546035
-0.00549904
-0.00553846
-0.00557788
-0.00561764
-0.00565792
-0.00569805
-0.00573903
-0.00577981
-0.00582123
-0.00586288
-0.00590462
-0.00594713
-0.00598939
-0.00603246
-0.00607554
-0.00611896
-0.00616297
-0.00620684
-0.00625156
-0.00629616
-0.00634134
-0.00638687
-0.00643245
-0.0064788
-0.00652506
-0.00657188
-0.0066191
-0.00666631
-0.00671424
-0.0067622
-0.00681039
-0.006859
-0.0069075
-0.00695609
-0.0070045
-0.00705247
-0.0070996
-0.00714557
-0.00718977
-0.00723161
-0.0072703
-0.0017373
-0.00122674
-0.000618259
-6.103e-05
0.00037197
0.000654439
0.000784154
0.000779164
0.000672635
0.000503915
0.000310313
0.000121386
-4.37011e-05
-0.000175884
-0.000273497
-0.000339497
-0.000379912
-0.000402044
-0.000413028
-0.000419149
-0.000424972
-0.00043295
-0.000443858
-0.000457917
-0.000476412
-0.000502286
-0.000539089
-0.000587989
-0.000644207
-0.000696869
-0.000734163
-0.000751473
-0.000756125
-0.000763467
-0.000786312
-0.000825021
-0.000866587
-0.000894922
-0.000904612
-0.000906842
-0.000920995
-0.000957967
-0.00100997
-0.00105584
-0.00107907
-0.00108302
-0.00108705
-0.00110813
-0.00114564
-0.00118364
-0.00120836
-0.00122183
-0.00123768
-0.00126664
-0.00130609
-0.00134186
-0.00136211
-0.0013709
-0.00138539
-0.00141672
-0.00145668
-0.00148832
-0.00150699
-0.00152429
-0.00155188
-0.00158691
-0.00161622
-0.00163428
-0.001652
-0.00168268
-0.00172291
-0.00175595
-0.00177494
-0.00179322
-0.00182422
-0.00186052
-0.0018878
-0.00191
-0.00193981
-0.00197387
-0.00200066
-0.00202302
-0.00205183
-0.00208691
-0.00212049
-0.00215083
-0.00218132
-0.00221329
-0.0022459
-0.00227889
-0.00231175
-0.00234263
-0.00237064
-0.00239823
-0.00242879
-0.00246212
-0.00249525
-0.00252764
-0.00256176
-0.0025982
-0.00263439
-0.00266878
-0.00270293
-0.00273866
-0.00277564
-0.00281264
-0.00284933
-0.00288617
-0.00292347
-0.00296125
-0.00299928
-0.00303738
-0.00307571
-0.00311475
-0.00315474
-0.00319531
-0.00323587
-0.00327654
-0.00331809
-0.00336108
-0.00340513
-0.00344934
-0.00349334
-0.00353795
-0.00358445
-0.00363325
-0.00368351
-0.00373373
-0.00378317
-0.00383303
-0.00388571
-0.00394302
-0.00400479
-0.00406835
-0.00412929
-0.00418314
-0.00422633
-0.0042566
-0.00427561
-0.00429288
-0.00429828
-0.00430664
-0.00431714
-0.00433053
-0.00434691
-0.00436632
-0.00438822
-0.0044124
-0.0044382
-0.0044655
-0.00449376
-0.00452301
-0.00455285
-0.00458339
-0.00461438
-0.00464585
-0.00467777
-0.00470999
-0.00474272
-0.00477559
-0.00480908
-0.00484256
-0.00487673
-0.00491081
-0.00494557
-0.00498032
-0.00501559
-0.00505104
-0.00508676
-0.00512293
-0.0051591
-0.00519592
-0.00523265
-0.00527
-0.00530739
-0.00534517
-0.00538331
-0.00542149
-0.00546033
-0.00549905
-0.00553843
-0.00557789
-0.00561764
-0.00565791
-0.00569807
-0.00573903
-0.00577983
-0.00582121
-0.00586289
-0.00590462
-0.00594711
-0.0059894
-0.00603244
-0.00607554
-0.00611897
-0.00616295
-0.00620686
-0.00625154
-0.00629617
-0.00634133
-0.00638686
-0.00643246
-0.00647879
-0.00652506
-0.00657188
-0.00661908
-0.00666635
-0.00671422
-0.00676221
-0.00681042
-0.00685899
-0.00690753
-0.00695612
-0.00700451
-0.00705251
-0.00709966
-0.00714563
-0.00718992
-0.00723191
-0.00727093
-0.00170513
-0.0012281
-0.000657574
-0.000132991
0.000275706
0.00054285
0.000666887
0.000665838
0.000571523
0.000421007
0.000248944
8.23544e-05
-6.17074e-05
-0.000176082
-0.000260956
-0.000320498
-0.000360675
-0.000387553
-0.000406355
-0.000421277
-0.000434987
-0.000448396
-0.000461268
-0.000473703
-0.00048802
-0.000508892
-0.000541238
-0.000586645
-0.000640261
-0.000691349
-0.000728494
-0.000747277
-0.000754482
-0.000764395
-0.000789072
-0.000828606
-0.000869995
-0.000897278
-0.000905171
-0.000905314
-0.000918011
-0.00095488
-0.00100798
-0.0010552
-0.00107915
-0.00108313
-0.00108721
-0.00110874
-0.0011464
-0.00118362
-0.00120724
-0.00122013
-0.00123618
-0.00126586
-0.00130594
-0.00134194
-0.0013623
-0.00137121
-0.00138543
-0.00141596
-0.00145526
-0.00148711
-0.0015067
-0.00152463
-0.00155208
-0.00158683
-0.00161625
-0.00163441
-0.00165178
-0.001682
-0.00172246
-0.00175652
-0.00177593
-0.00179313
-0.00182302
-0.00185973
-0.00188783
-0.00190983
-0.00193935
-0.00197396
-0.00200116
-0.00202329
-0.00205218
-0.00208796
-0.00212195
-0.00215194
-0.00218178
-0.00221319
-0.00224535
-0.00227786
-0.00231023
-0.00234088
-0.00236924
-0.00239771
-0.00242947
-0.00246391
-0.00249756
-0.00252961
-0.0025629
-0.00259867
-0.00263459
-0.00266903
-0.00270347
-0.00273949
-0.00277643
-0.00281301
-0.00284938
-0.00288629
-0.00292384
-0.00296155
-0.00299924
-0.00303725
-0.00307596
-0.0031154
-0.00315524
-0.00319518
-0.00323534
-0.00327633
-0.00331855
-0.00336169
-0.00340498
-0.00344806
-0.00349155
-0.00353659
-0.00358387
-0.00363281
-0.0036819
-0.00373007
-0.00377775
-0.00382695
-0.0038797
-0.00393674
-0.00399671
-0.00405621
-0.00411083
-0.00415716
-0.00419404
-0.004223
-0.00424594
-0.00426402
-0.00428173
-0.00429539
-0.00430926
-0.00432514
-0.0043432
-0.00436367
-0.00438621
-0.00441076
-0.00443679
-0.00446425
-0.00449265
-0.00452205
-0.00455204
-0.00458272
-0.00461383
-0.00464543
-0.00467743
-0.00470975
-0.00474252
-0.00477547
-0.00480896
-0.00484249
-0.00487664
-0.00491078
-0.00494554
-0.0049803
-0.00501559
-0.00505101
-0.00508677
-0.00512289
-0.00515913
-0.00519589
-0.00523266
-0.00526999
-0.00530738
-0.00534518
-0.00538328
-0.00542153
-0.00546028
-0.0054991
-0.00553842
-0.00557789
-0.00561766
-0.00565787
-0.00569812
-0.00573898
-0.00577986
-0.00582121
-0.00586287
-0.00590466
-0.00594707
-0.00598945
-0.00603243
-0.00607552
-0.00611901
-0.00616291
-0.00620691
-0.00625152
-0.00629617
-0.00634136
-0.00638682
-0.00643249
-0.00647877
-0.00652506
-0.00657193
-0.00661904
-0.00666638
-0.00671422
-0.0067622
-0.00681046
-0.00685899
-0.00690755
-0.00695616
-0.00700453
-0.00705255
-0.00709972
-0.0071457
-0.00719008
-0.0072322
-0.00727147
-0.00163613
-0.001201
-0.000680542
-0.000201051
0.00017248
0.000415679
0.000528335
0.000528565
0.000446352
0.00031554
0.000167196
2.50705e-05
-9.63406e-05
-0.000191707
-0.000262687
-0.000314392
-0.000352752
-0.000382693
-0.000407648
-0.000429932
-0.000450577
-0.000469289
-0.000484918
-0.000497188
-0.000508927
-0.000526041
-0.000554777
-0.000597011
-0.000647423
-0.000695315
-0.00072991
-0.000747584
-0.00075568
-0.000768239
-0.000796294
-0.000838667
-0.000881384
-0.000908061
-0.000913623
-0.000910546
-0.000920345
-0.000955945
-0.00100988
-0.00105896
-0.00108415
-0.00108805
-0.00109179
-0.00111399
-0.00115277
-0.00118968
-0.00121109
-0.00122172
-0.00123743
-0.00126852
-0.00131001
-0.00134632
-0.00136638
-0.00137518
-0.00138932
-0.00141928
-0.00145761
-0.00148904
-0.00150942
-0.00152846
-0.00155601
-0.00159033
-0.00161971
-0.00163776
-0.00165439
-0.00168386
-0.00172441
-0.00175947
-0.00177966
-0.00179596
-0.00182432
-0.00186117
-0.0018905
-0.0019127
-0.00194197
-0.00197732
-0.00200518
-0.0020268
-0.00205513
-0.00209109
-0.00212512
-0.00215434
-0.00218308
-0.00221372
-0.00224573
-0.00227851
-0.00231127
-0.0023426
-0.00237203
-0.00240137
-0.00243321
-0.00246725
-0.00250049
-0.00253217
-0.00256511
-0.00260082
-0.00263701
-0.00267162
-0.00270584
-0.00274146
-0.00277815
-0.00281476
-0.0028512
-0.00288801
-0.00292531
-0.00296295
-0.0030009
-0.00303919
-0.00307777
-0.00311669
-0.00315617
-0.00319639
-0.00323715
-0.00327824
-0.00331971
-0.00336174
-0.0034046
-0.0034484
-0.00349293
-0.00353808
-0.00358396
-0.00363057
-0.00367793
-0.0037262
-0.00377555
-0.00382613
-0.00387803
-0.00393133
-0.0039854
-0.004039
-0.00409054
-0.00413835
-0.00418029
-0.00421461
-0.00424074
-0.00425895
-0.00427841
-0.00429211
-0.00430774
-0.00432496
-0.00434399
-0.00436507
-0.00438794
-0.00441259
-0.00443857
-0.00446589
-0.0044941
-0.00452327
-0.00455303
-0.0045835
-0.00461443
-0.00464587
-0.00467774
-0.00470996
-0.00474267
-0.00477556
-0.00480902
-0.00484252
-0.00487666
-0.00491077
-0.00494553
-0.00498027
-0.00501558
-0.00505099
-0.00508677
-0.00512286
-0.00515912
-0.00519587
-0.00523266
-0.00526998
-0.00530737
-0.00534519
-0.00538326
-0.00542156
-0.00546029
-0.00549911
-0.00553841
-0.00557789
-0.00561767
-0.00565785
-0.00569814
-0.00573895
-0.00577987
-0.00582121
-0.00586286
-0.00590468
-0.00594704
-0.00598943
-0.00603243
-0.00607551
-0.00611903
-0.00616288
-0.00620693
-0.00625151
-0.00629617
-0.00634138
-0.00638679
-0.00643252
-0.00647875
-0.00652506
-0.00657193
-0.00661902
-0.00666641
-0.00671423
-0.00676219
-0.00681051
-0.00685898
-0.00690758
-0.00695621
-0.00700455
-0.0070526
-0.0070998
-0.00714579
-0.00719024
-0.00723247
-0.00727192
-0.00155921
-0.00116619
-0.000696759
-0.00026455
7.05522e-05
0.000286254
0.00038391
0.000382127
0.000309585
0.000197199
7.23635e-05
-4.47636e-05
-0.000142667
-0.000218021
-0.000273766
-0.000315826
-0.000350274
-0.000381326
-0.000410984
-0.00043975
-0.000466668
-0.000489979
-0.000507727
-0.000519394
-0.000528331
-0.000541559
-0.000566765
-0.00060682
-0.000656096
-0.000702599
-0.000734619
-0.000748817
-0.000754262
-0.000766728
-0.000797429
-0.000843977
-0.000890472
-0.00091871
-0.000922814
-0.000915885
-0.00092126
-0.000954088
-0.00100829
-0.0010599
-0.00108717
-0.00109078
-0.00109287
-0.00111476
-0.00115581
-0.00119515
-0.00121547
-0.00122201
-0.00123485
-0.00126665
-0.00131095
-0.00134936
-0.00136947
-0.00137703
-0.00139014
-0.00142
-0.00145853
-0.00148949
-0.00150921
-0.00152846
-0.00155688
-0.00159195
-0.00162178
-0.00163935
-0.0016544
-0.00168291
-0.00172433
-0.00176079
-0.00178139
-0.00179717
-0.00182474
-0.00186137
-0.00189105
-0.00191327
-0.00194235
-0.00197824
-0.00200661
-0.00202755
-0.00205503
-0.00209124
-0.00212599
-0.00215545
-0.00218391
-0.00221409
-0.00224582
-0.00227874
-0.00231169
-0.00234284
-0.00237198
-0.00240142
-0.0024337
-0.00246829
-0.00250199
-0.00253378
-0.00256644
-0.00260179
-0.00263775
-0.00267225
-0.00270643
-0.00274211
-0.00277887
-0.00281535
-0.00285156
-0.00288833
-0.0029258
-0.00296348
-0.00300118
-0.00303916
-0.00307776
-0.00311704
-0.00315677
-0.00319668
-0.00323679
-0.00327747
-0.00331911
-0.00336171
-0.00340482
-0.00344798
-0.00349126
-0.00353534
-0.00358089
-0.00362794
-0.0036759
-0.0037239
-0.00377148
-0.00381923
-0.00386843
-0.00391982
-0.00397282
-0.00402562
-0.00407536
-0.00411919
-0.00415584
-0.00418601
-0.00421135
-0.0042335
-0.00425657
-0.00427779
-0.00429716
-0.00431701
-0.00433804
-0.00436053
-0.00438439
-0.00440975
-0.00443624
-0.00446395
-0.00449246
-0.0045219
-0.00455189
-0.00458257
-0.00461366
-0.00464527
-0.00467726
-0.00470959
-0.00474237
-0.00477533
-0.00480883
-0.00484237
-0.00487655
-0.00491068
-0.00494547
-0.0049802
-0.00501555
-0.00505094
-0.00508676
-0.00512283
-0.00515913
-0.00519585
-0.00523264
-0.00526998
-0.00530734
-0.00534521
-0.00538322
-0.00542158
-0.00546026
-0.00549912
-0.00553841
-0.00557786
-0.0056177
-0.0056578
-0.00569817
-0.00573893
-0.00577987
-0.00582123
-0.00586282
-0.00590471
-0.00594701
-0.00598944
-0.00603244
-0.00607548
-0.00611908
-0.00616284
-0.00620695
-0.00625151
-0.00629614
-0.00634142
-0.00638676
-0.00643255
-0.00647875
-0.00652505
-0.00657199
-0.006619
-0.00666643
-0.00671425
-0.00676218
-0.00681056
-0.006859
-0.0069076
-0.00695626
-0.00700459
-0.00705266
-0.00709989
-0.00714589
-0.00719041
-0.00723272
-0.0072723
-0.00147312
-0.00112343
-0.00070595
-0.000321719
-2.53325e-05
0.00016265
0.000244479
0.000238823
0.000172948
7.54076e-05
-2.93625e-05
-0.00012422
-0.000200264
-0.000256156
-0.000296102
-0.000326867
-0.000354931
-0.000384447
-0.00041671
-0.000450707
-0.000483697
-0.000512053
-0.000532304
-0.000543325
-0.000548879
-0.00055737
-0.000578302
-0.000616366
-0.000666144
-0.000713858
-0.000745652
-0.0007571
-0.000757736
-0.000766091
-0.000795952
-0.000845546
-0.000897503
-0.000930453
-0.000935712
-0.000925579
-0.000925266
-0.00095338
-0.00100677
-0.00106166
-0.00109281
-0.00109696
-0.00109574
-0.00111441
-0.00115689
-0.00120137
-0.00122448
-0.00122773
-0.00123454
-0.00126359
-0.00131029
-0.00135312
-0.00137555
-0.00138168
-0.00139175
-0.00142067
-0.00146112
-0.00149358
-0.00151185
-0.00152883
-0.00155741
-0.00159476
-0.0016265
-0.00164387
-0.00165651
-0.00168283
-0.00172489
-0.00176351
-0.00178459
-0.0017992
-0.00182621
-0.00186325
-0.001893
-0.00191461
-0.00194364
-0.00198082
-0.00201048
-0.00203106
-0.00205728
-0.0020931
-0.00212831
-0.00215796
-0.00218604
-0.00221543
-0.00224623
-0.00227886
-0.0023125
-0.00234455
-0.00237409
-0.00240367
-0.00243626
-0.00247116
-0.00250483
-0.00253622
-0.00256848
-0.00260373
-0.00263989
-0.00267454
-0.00270861
-0.00274402
-0.00278059
-0.00281702
-0.00285322
-0.00288988
-0.00292714
-0.00296471
-0.00300255
-0.00304078
-0.00307938
-0.00311825
-0.00315748
-0.00319731
-0.00323784
-0.00327893
-0.00332031
-0.00336194
-0.00340404
-0.00344692
-0.00349082
-0.00353565
-0.00358099
-0.00362655
-0.00367226
-0.0037184
-0.00376557
-0.00381419
-0.00386393
-0.00391394
-0.0039633
-0.0040111
-0.00405653
-0.00409928
-0.00413885
-0.00417443
-0.00420521
-0.00423092
-0.0042525
-0.00427557
-0.00429463
-0.00431587
-0.00433788
-0.00436106
-0.00438539
-0.00441099
-0.00443755
-0.00446522
-0.00449363
-0.00452292
-0.00455274
-0.00458325
-0.00461419
-0.00464565
-0.00467754
-0.00470978
-0.0047425
-0.00477541
-0.00480888
-0.0048424
-0.00487654
-0.00491065
-0.00494546
-0.00498019
-0.00501553
-0.0050509
-0.00508674
-0.0051228
-0.0051591
-0.00519583
-0.00523262
-0.00526998
-0.00530732
-0.00534522
-0.00538319
-0.00542159
-0.00546024
-0.00549911
-0.00553841
-0.00557784
-0.00561772
-0.00565777
-0.00569819
-0.00573892
-0.00577987
-0.00582124
-0.00586279
-0.00590474
-0.00594699
-0.00598945
-0.00603245
-0.00607546
-0.00611911
-0.00616282
-0.00620696
-0.00625153
-0.00629612
-0.00634145
-0.00638673
-0.00643257
-0.00647876
-0.00652504
-0.00657201
-0.00661899
-0.00666645
-0.00671427
-0.00676217
-0.0068106
-0.00685902
-0.00690762
-0.00695633
-0.00700463
-0.00705272
-0.00709999
-0.007146
-0.00719057
-0.00723296
-0.00727263
-0.00138116
-0.00107813
-0.000714457
-0.000378435
-0.000119021
4.43947e-05
0.000113452
0.000105309
4.52442e-05
-4.05964e-05
-0.000130147
-0.000208054
-0.000266858
-0.000306354
-0.00033166
-0.000350368
-0.000369643
-0.000394216
-0.000425699
-0.000462602
-0.000500775
-0.000534607
-0.000558788
-0.000570737
-0.000573466
-0.000576325
-0.000591186
-0.000625406
-0.000675416
-0.000726481
-0.000761381
-0.00077253
-0.0007686
-0.000769846
-0.000794303
-0.000843578
-0.000900554
-0.000940882
-0.000950995
-0.000939915
-0.00093351
-0.000954582
-0.00100481
-0.00106238
-0.00109913
-0.00110599
-0.00110159
-0.00111429
-0.0011547
-0.00120427
-0.00123429
-0.00123832
-0.00123876
-0.00126103
-0.00130675
-0.00135443
-0.00138233
-0.00138916
-0.00139486
-0.00141996
-0.00146193
-0.00149847
-0.00151709
-0.00153011
-0.00155588
-0.00159499
-0.00163055
-0.00164962
-0.0016603
-0.00168285
-0.00172352
-0.00176501
-0.00178894
-0.00180228
-0.00182715
-0.00186533
-0.00189668
-0.00191668
-0.0019436
-0.00198178
-0.00201371
-0.00203423
-0.0020585
-0.00209329
-0.00212902
-0.00215945
-0.00218794
-0.0022174
-0.00224772
-0.00227965
-0.00231342
-0.00234644
-0.00237634
-0.00240515
-0.00243709
-0.00247245
-0.00250697
-0.00253847
-0.00257022
-0.00260519
-0.00264143
-0.00267608
-0.00270992
-0.00274518
-0.00278178
-0.00281823
-0.00285429
-0.00289083
-0.00292812
-0.0029657
-0.00300335
-0.00304128
-0.00307974
-0.00311879
-0.00315828
-0.00319804
-0.00323804
-0.00327842
-0.00331946
-0.00336135
-0.00340395
-0.00344685
-0.00348986
-0.00353315
-0.00357714
-0.00362222
-0.00366835
-0.00371507
-0.00376183
-0.00380829
-0.00385466
-0.00390155
-0.00394897
-0.00399608
-0.00404151
-0.0040835
-0.00412058
-0.00415276
-0.00418096
-0.00420661
-0.00423085
-0.00425557
-0.00428121
-0.00430593
-0.00432998
-0.00435482
-0.00438038
-0.0044069
-0.00443419
-0.00446245
-0.00449133
-0.00452101
-0.00455115
-0.00458195
-0.00461312
-0.00464479
-0.00467683
-0.00470921
-0.00474203
-0.00477503
-0.00480858
-0.00484213
-0.0048763
-0.00491048
-0.00494534
-0.00498008
-0.00501547
-0.00505084
-0.0050867
-0.00512276
-0.00515906
-0.00519581
-0.00523258
-0.00526997
-0.00530728
-0.00534522
-0.00538317
-0.00542158
-0.00546023
-0.00549909
-0.00553843
-0.0055778
-0.00561774
-0.00565775
-0.00569819
-0.00573892
-0.00577984
-0.00582127
-0.00586276
-0.00590476
-0.00594698
-0.00598945
-0.00603247
-0.00607543
-0.00611913
-0.00616281
-0.00620695
-0.00625155
-0.00629609
-0.00634148
-0.00638672
-0.00643257
-0.00647878
-0.00652502
-0.00657205
-0.00661898
-0.00666646
-0.0067143
-0.00676216
-0.00681065
-0.00685904
-0.00690765
-0.0069564
-0.00700468
-0.00705279
-0.0071001
-0.00714611
-0.00719072
-0.00723317
-0.00727292
-0.00128637
-0.00103436
-0.000726531
-0.00043833
-0.000213471
-7.03686e-05
-8.85799e-06
-1.50936e-05
-6.74594e-05
-0.000142756
-0.000220683
-0.000287118
-0.000335145
-0.00036426
-0.000379211
-0.000387521
-0.000397041
-0.000413612
-0.000439942
-0.000475459
-0.000516143
-0.000555196
-0.000585043
-0.000600595
-0.000602961
-0.000600844
-0.000607904
-0.00063504
-0.000682074
-0.000735854
-0.00077682
-0.000792393
-0.000787235
-0.000781167
-0.000796173
-0.000839956
-0.000898764
-0.000947052
-0.000965878
-0.000958029
-0.000947184
-0.000959483
-0.00100298
-0.0010607
-0.00110367
-0.00111641
-0.0011114
-0.00111726
-0.00115163
-0.00120287
-0.00124126
-0.00125133
-0.00124864
-0.00126177
-0.00130171
-0.00135189
-0.00138702
-0.00139815
-0.00140098
-0.00142004
-0.00146055
-0.00150163
-0.00152395
-0.00153447
-0.00155499
-0.00159294
-0.00163272
-0.00165636
-0.00166712
-0.00168503
-0.00172142
-0.00176446
-0.00179325
-0.00180671
-0.00182727
-0.00186508
-0.0019002
-0.00192018
-0.00194323
-0.00198116
-0.00201693
-0.00203917
-0.00206145
-0.00209437
-0.00213023
-0.00216134
-0.00219005
-0.00221953
-0.00224947
-0.00228026
-0.00231325
-0.00234719
-0.00237872
-0.00240762
-0.00243837
-0.00247352
-0.00250909
-0.00254108
-0.00257209
-0.0026064
-0.00264293
-0.00267804
-0.00271175
-0.00274662
-0.00278306
-0.00281955
-0.00285559
-0.00289199
-0.00292913
-0.00296664
-0.00300433
-0.00304233
-0.00308076
-0.0031195
-0.00315854
-0.00319807
-0.00323822
-0.00327892
-0.00331997
-0.00336123
-0.00340276
-0.00344481
-0.00348771
-0.00353147
-0.0035758
-0.00362033
-0.00366478
-0.00370927
-0.00375423
-0.00380005
-0.00384666
-0.00389334
-0.00393913
-0.00398324
-0.00402516
-0.00406492
-0.00410258
-0.00413819
-0.00417125
-0.00420145
-0.00422888
-0.00425434
-0.00427964
-0.00430436
-0.00432877
-0.00435434
-0.00438048
-0.00440733
-0.00443481
-0.00446317
-0.00449206
-0.00452169
-0.00455175
-0.00458244
-0.00461351
-0.00464509
-0.00467705
-0.00470936
-0.00474213
-0.0047751
-0.00480865
-0.00484217
-0.0048765
-0.00491055
-0.00494534
-0.00498003
-0.00501542
-0.00505078
-0.00508665
-0.00512271
-0.00515902
-0.00519579
-0.00523254
-0.00526996
-0.00530725
-0.00534522
-0.00538315
-0.00542157
-0.00546023
-0.00549907
-0.00553844
-0.00557778
-0.00561776
-0.00565774
-0.00569819
-0.00573893
-0.00577982
-0.0058213
-0.00586274
-0.00590479
-0.00594699
-0.00598943
-0.0060325
-0.0060754
-0.00611915
-0.00616281
-0.00620694
-0.00625157
-0.00629606
-0.00634151
-0.00638671
-0.00643257
-0.0064788
-0.00652499
-0.00657207
-0.00661898
-0.00666647
-0.00671434
-0.00676216
-0.00681069
-0.00685908
-0.00690768
-0.00695648
-0.00700474
-0.00705287
-0.00710022
-0.00714623
-0.00719087
-0.00723337
-0.00727317
-0.00118309
-0.000984008
-0.000734891
-0.000497414
-0.000308229
-0.000184071
-0.000126814
-0.0001267
-0.000167098
-0.000229295
-0.000296131
-0.000354538
-0.00039712
-0.000422471
-0.000433595
-0.00043628
-0.000437762
-0.000445067
-0.000462549
-0.000491766
-0.000530447
-0.000572157
-0.00060816
-0.000630277
-0.000636066
-0.000631966
-0.000631402
-0.000648448
-0.000688068
-0.00074105
-0.000788308
-0.000812592
-0.000811755
-0.000801664
-0.0008059
-0.000838889
-0.000893951
-0.00094781
-0.000977519
-0.000977754
-0.000966291
-0.000969974
-0.00100332
-0.00105705
-0.00110488
-0.00112611
-0.00112467
-0.00112533
-0.00115058
-0.00119828
-0.00124314
-0.00126315
-0.00126294
-0.00126835
-0.00129867
-0.00134682
-0.00138816
-0.00140665
-0.00141051
-0.00142364
-0.00145886
-0.00150196
-0.0015302
-0.00154202
-0.00155719
-0.00159004
-0.00163147
-0.00166128
-0.00167497
-0.00168917
-0.00171966
-0.0017619
-0.00179619
-0.00181333
-0.0018303
-0.0018647
-0.00190327
-0.00192617
-0.00194523
-0.0019796
-0.0020183
-0.00204392
-0.00206474
-0.00209487
-0.00213039
-0.00216243
-0.00219168
-0.00222159
-0.00225187
-0.00228213
-0.00231407
-0.00234815
-0.00238123
-0.00241085
-0.00244033
-0.00247431
-0.00251067
-0.00254391
-0.00257462
-0.0026079
-0.00264431
-0.00267995
-0.00271373
-0.00274817
-0.00278443
-0.00282102
-0.00285706
-0.00289327
-0.00293027
-0.00296774
-0.00300532
-0.00304313
-0.00308142
-0.00312021
-0.00315936
-0.00319881
-0.00323854
-0.00327859
-0.00331914
-0.00336033
-0.00340212
-0.00344433
-0.00348673
-0.00352923
-0.00357205
-0.00361548
-0.00365964
-0.00370443
-0.00374938
-0.00379403
-0.00383819
-0.00388199
-0.00392551
-0.00396867
-0.00401087
-0.00405104
-0.00408844
-0.0041225
-0.00415344
-0.00418227
-0.00420985
-0.00423705
-0.00426455
-0.00429161
-0.00431887
-0.00434658
-0.00437401
-0.00440195
-0.00443035
-0.00445946
-0.00448896
-0.0045191
-0.00454959
-0.00458064
-0.00461201
-0.00464384
-0.00467601
-0.00470848
-0.0047414
-0.00477445
-0.00480812
-0.00484171
-0.00487596
-0.00491016
-0.00494509
-0.00497986
-0.00501529
-0.00505068
-0.00508657
-0.00512265
-0.00515896
-0.00519575
-0.00523249
-0.00526994
-0.00530721
-0.0053452
-0.00538313
-0.00542155
-0.00546022
-0.00549904
-0.00553845
-0.00557775
-0.00561776
-0.00565773
-0.00569818
-0.00573895
-0.00577979
-0.00582132
-0.00586272
-0.00590478
-0.005947
-0.00598941
-0.00603252
-0.00607538
-0.00611916
-0.00616281
-0.00620692
-0.0062516
-0.00629604
-0.00634152
-0.00638672
-0.00643256
-0.00647883
-0.00652498
-0.0065721
-0.00661899
-0.00666647
-0.00671439
-0.00676216
-0.00681073
-0.00685913
-0.00690771
-0.00695655
-0.00700481
-0.00705295
-0.00710033
-0.00714635
-0.00719101
-0.00723355
-0.00727339
-0.00106992
-0.000920778
-0.000730072
-0.000545149
-0.000394754
-0.000292556
-0.000240974
-0.000234192
-0.00026067
-0.000306795
-0.000359708
-0.000408962
-0.000447713
-0.000472965
-0.000485644
-0.000489081
-0.000488013
-0.000488444
-0.000496269
-0.000515455
-0.000546885
-0.000586601
-0.000626226
-0.0006559
-0.000669073
-0.000667637
-0.000662629
-0.000669185
-0.000697376
-0.000744323
-0.000794399
-0.000828453
-0.000837107
-0.000828806
-0.000824887
-0.000844501
-0.000889978
-0.000944344
-0.000983792
-0.000995522
-0.000988387
-0.000986112
-0.00100793
-0.00105355
-0.00110296
-0.00113323
-0.00113941
-0.00113875
-0.00115458
-0.00119415
-0.00124077
-0.00127075
-0.00127793
-0.00128015
-0.00130036
-0.00134192
-0.00138584
-0.00141242
-0.00142129
-0.00143095
-0.00145863
-0.00149962
-0.00153328
-0.00155019
-0.00156311
-0.00158934
-0.00162884
-0.0016642
-0.00168358
-0.00169679
-0.00172133
-0.00175959
-0.00179671
-0.00181934
-0.00183525
-0.00186376
-0.00190266
-0.001931
-0.00194935
-0.00197845
-0.00201775
-0.00204826
-0.00206977
-0.00209702
-0.00213142
-0.00216428
-0.00219403
-0.002224
-0.00225444
-0.00228448
-0.00231547
-0.00234883
-0.00238272
-0.00241381
-0.00244311
-0.00247556
-0.00251169
-0.00254626
-0.00257748
-0.00260977
-0.00264554
-0.00268169
-0.00271588
-0.00274997
-0.0027858
-0.00282242
-0.0028586
-0.00289473
-0.00293154
-0.00296891
-0.00300644
-0.00304418
-0.00308231
-0.00312081
-0.00315963
-0.00319886
-0.00323854
-0.00327867
-0.00331917
-0.00335987
-0.0034008
-0.00344213
-0.00348396
-0.00352639
-0.00356933
-0.00361245
-0.00365551
-0.00369851
-0.00374156
-0.00378491
-0.00382861
-0.00387224
-0.00391518
-0.0039568
-0.0039966
-0.0040347
-0.00407128
-0.00410652
-0.00414057
-0.0041733
-0.00420448
-0.00423436
-0.00426298
-0.00429071
-0.00431862
-0.00434596
-0.0043738
-0.00440169
-0.00443029
-0.00445962
-0.00448922
-0.00451938
-0.00454986
-0.00458089
-0.00461224
-0.00464404
-0.00467619
-0.00470861
-0.00474149
-0.00477458
-0.0048082
-0.00484184
-0.00487609
-0.00491021
-0.00494507
-0.00497979
-0.00501521
-0.00505061
-0.00508649
-0.00512259
-0.00515889
-0.0051957
-0.00523244
-0.00526991
-0.00530718
-0.00534517
-0.00538311
-0.00542152
-0.00546022
-0.00549902
-0.00553845
-0.00557774
-0.00561775
-0.00565773
-0.00569816
-0.00573896
-0.00577977
-0.00582133
-0.00586272
-0.00590477
-0.00594701
-0.00598939
-0.00603254
-0.00607537
-0.00611916
-0.00616283
-0.0062069
-0.00625162
-0.00629603
-0.00634153
-0.00638673
-0.00643254
-0.00647886
-0.00652497
-0.00657211
-0.00661902
-0.00666647
-0.00671443
-0.00676218
-0.00681076
-0.00685919
-0.00690775
-0.00695663
-0.0070049
-0.00705302
-0.00710045
-0.00714646
-0.00719114
-0.00723371
-0.00727359
-0.000956375
-0.000848403
-0.000709945
-0.000575262
-0.000464674
-0.000387506
-0.000345571
-0.000335473
-0.000350183
-0.000380847
-0.000418669
-0.0004563
-0.000488664
-0.000513075
-0.000528815
-0.000536765
-0.000538927
-0.000538469
-0.000540159
-0.000549423
-0.000570153
-0.000602269
-0.00064042
-0.000675079
-0.000697073
-0.000703098
-0.000699075
-0.00069844
-0.000714269
-0.000750333
-0.000797443
-0.000838013
-0.000857967
-0.000857291
-0.00085101
-0.000859175
-0.0008917
-0.000940402
-0.000985016
-0.0010084
-0.00100999
-0.00100667
-0.00101883
-0.00105389
-0.00110022
-0.0011368
-0.00115214
-0.0011545
-0.00116395
-0.00119376
-0.0012371
-0.00127346
-0.00128985
-0.00129434
-0.00130751
-0.0013401
-0.00138199
-0.00141467
-0.00143092
-0.00144125
-0.00146248
-0.0014982
-0.00153432
-0.00155749
-0.00157174
-0.00159239
-0.00162656
-0.0016636
-0.00168888
-0.00170428
-0.00172482
-0.00175794
-0.0017953
-0.00182365
-0.00184226
-0.0018661
-0.00190205
-0.00193499
-0.00195606
-0.00198045
-0.00201678
-0.0020508
-0.00207481
-0.0020999
-0.00213224
-0.00216546
-0.00219586
-0.00222586
-0.0022565
-0.00228693
-0.00231769
-0.00235015
-0.0023839
-0.00241632
-0.00244646
-0.00247775
-0.00251268
-0.00254804
-0.00258048
-0.00261235
-0.00264706
-0.00268325
-0.00271807
-0.00275212
-0.00278742
-0.00282384
-0.00286011
-0.00289615
-0.00293273
-0.00296993
-0.00300738
-0.00304502
-0.003083
-0.00312139
-0.00316014
-0.00319915
-0.00323843
-0.00327806
-0.00331805
-0.00335848
-0.00339938
-0.00344062
-0.00348206
-0.00352365
-0.00356538
-0.0036074
-0.00364982
-0.00369257
-0.00373542
-0.00377804
-0.00382014
-0.00386166
-0.00390265
-0.00394314
-0.00398307
-0.004022
-0.00405928
-0.0040947
-0.00412801
-0.00415948
-0.00418968
-0.00421916
-0.00424824
-0.00427737
-0.00430639
-0.00433551
-0.00436463
-0.00439462
-0.00442438
-0.00445475
-0.0044852
-0.00451602
-0.00454701
-0.00457847
-0.00461017
-0.00464227
-0.00467467
-0.00470722
-0.00474031
-0.00477348
-0.00480719
-0.00484098
-0.00487542
-0.00490971
-0.0049447
-0.00497953
-0.00501501
-0.00505045
-0.00508636
-0.00512249
-0.0051588
-0.00519563
-0.00523238
-0.00526985
-0.00530713
-0.00534513
-0.00538308
-0.00542149
-0.0054602
-0.00549899
-0.00553844
-0.00557772
-0.00561774
-0.00565773
-0.00569814
-0.00573897
-0.00577976
-0.00582132
-0.00586272
-0.00590476
-0.00594703
-0.00598937
-0.00603255
-0.00607537
-0.00611915
-0.00616284
-0.00620689
-0.00625164
-0.00629603
-0.00634152
-0.00638675
-0.00643253
-0.00647888
-0.00652498
-0.00657212
-0.00661905
-0.00666647
-0.00671447
-0.00676221
-0.0068108
-0.00685926
-0.00690779
-0.0069567
-0.00700498
-0.0070531
-0.00710056
-0.00714658
-0.00719126
-0.00723386
-0.00727376
-0.00085656
-0.000779745
-0.000682661
-0.000589389
-0.000513664
-0.000461118
-0.000432035
-0.000423623
-0.000431604
-0.000450761
-0.000475745
-0.000501911
-0.00052604
-0.000546545
-0.000562907
-0.00057499
-0.000582577
-0.00058622
-0.000587951
-0.000591717
-0.000602671
-0.0006242
-0.000655214
-0.000689526
-0.000717775
-0.00073299
-0.000735363
-0.00073341
-0.000739944
-0.000763466
-0.000801949
-0.000843058
-0.000871868
-0.000881814
-0.000879735
-0.000881894
-0.000902123
-0.000940677
-0.000984139
-0.00101549
-0.00102736
-0.00102821
-0.00103523
-0.00106007
-0.00109941
-0.00113771
-0.00116102
-0.00116956
-0.00117727
-0.00119889
-0.00123538
-0.00127285
-0.00129706
-0.001308
-0.00131935
-0.00134393
-0.0013802
-0.00141493
-0.00143779
-0.00145158
-0.00146898
-0.00149829
-0.00153325
-0.00156123
-0.00157955
-0.00159825
-0.00162702
-0.00166249
-0.00169236
-0.00171234
-0.00173179
-0.00176005
-0.00179483
-0.00182602
-0.00184849
-0.00187039
-0.00190165
-0.00193584
-0.00196135
-0.0019843
-0.0020163
-0.00205132
-0.00207897
-0.002104
-0.00213428
-0.0021672
-0.00219825
-0.00222834
-0.002259
-0.00228979
-0.00232058
-0.00235224
-0.00238526
-0.00241832
-0.0024497
-0.00248066
-0.00251413
-0.00254936
-0.002583
-0.00261511
-0.00264881
-0.00268452
-0.00271983
-0.00275412
-0.00278903
-0.00282513
-0.00286146
-0.00289758
-0.00293397
-0.00297093
-0.00300825
-0.00304574
-0.0030835
-0.00312166
-0.00316016
-0.00319897
-0.00323814
-0.00327765
-0.00331744
-0.00335747
-0.00339773
-0.00343824
-0.0034791
-0.00352031
-0.0035618
-0.00360346
-0.00364508
-0.0036866
-0.00372806
-0.0037695
-0.00381095
-0.00385228
-0.00389308
-0.00393298
-0.00397163
-0.00400889
-0.00404493
-0.00408006
-0.00411436
-0.00414804
-0.00418095
-0.00421313
-0.00424449
-0.00427522
-0.00430538
-0.00433534
-0.00436515
-0.00439507
-0.00442498
-0.00445494
-0.00448521
-0.00451605
-0.00454711
-0.0045786
-0.00461032
-0.00464241
-0.00467481
-0.0047076
-0.00474065
-0.00477384
-0.00480753
-0.00484118
-0.00487551
-0.00490971
-0.00494464
-0.00497943
-0.0050149
-0.00505035
-0.00508626
-0.0051224
-0.00515872
-0.00519557
-0.00523232
-0.0052698
-0.00530709
-0.00534509
-0.00538306
-0.00542145
-0.00546019
-0.00549897
-0.00553842
-0.00557771
-0.00561772
-0.00565773
-0.00569812
-0.00573897
-0.00577975
-0.00582132
-0.00586272
-0.00590475
-0.00594704
-0.00598936
-0.00603255
-0.00607538
-0.00611914
-0.00616286
-0.00620687
-0.00625165
-0.00629604
-0.00634152
-0.00638677
-0.00643253
-0.0064789
-0.00652499
-0.00657212
-0.00661908
-0.00666648
-0.0067145
-0.00676225
-0.00681083
-0.00685932
-0.00690785
-0.00695677
-0.00700508
-0.00705319
-0.00710067
-0.0071467
-0.00719137
-0.007234
-0.00727392
-0.000777696
-0.000724072
-0.000657697
-0.000595311
-0.000546108
-0.000513346
-0.00049645
-0.000492838
-0.000499228
-0.000512212
-0.000528718
-0.000546159
-0.000562846
-0.000578129
-0.000592173
-0.000605204
-0.000616708
-0.000625517
-0.000631245
-0.000635296
-0.000641276
-0.000653798
-0.000675338
-0.000703911
-0.000733119
-0.000755156
-0.000765958
-0.000768345
-0.000771365
-0.000784812
-0.000812196
-0.000847949
-0.000880381
-0.000899796
-0.000905945
-0.000908514
-0.000920419
-0.000947765
-0.000984892
-0.00101881
-0.00103933
-0.00104746
-0.00105431
-0.00107169
-0.00110244
-0.00113806
-0.00116626
-0.00118215
-0.00119254
-0.00120935
-0.0012381
-0.0012724
-0.00130087
-0.00131859
-0.00133166
-0.00135091
-0.00138059
-0.00141406
-0.00144147
-0.00146024
-0.00147759
-0.00150234
-0.00153414
-0.00156416
-0.00158677
-0.00160627
-0.00163092
-0.00166237
-0.0016934
-0.00171759
-0.00173829
-0.00176345
-0.00179482
-0.00182662
-0.00185296
-0.00187602
-0.00190382
-0.00193667
-0.00196577
-0.00199011
-0.00201855
-0.00205199
-0.0020823
-0.0021087
-0.00213737
-0.00216912
-0.00220042
-0.00223071
-0.00226136
-0.00229236
-0.00232331
-0.00235462
-0.00238694
-0.00242
-0.00245232
-0.00248368
-0.00251616
-0.00255067
-0.002585
-0.00261784
-0.00265105
-0.00268604
-0.00272148
-0.00275617
-0.00279089
-0.00282656
-0.00286278
-0.00289893
-0.00293521
-0.00297199
-0.00300919
-0.0030466
-0.00308425
-0.00312223
-0.00316052
-0.00319908
-0.0032379
-0.003277
-0.00331642
-0.00335614
-0.00339615
-0.00343641
-0.00347683
-0.00351735
-0.00355798
-0.00359872
-0.00363961
-0.0036806
-0.00372158
-0.00376233
-0.00380268
-0.00384248
-0.00388173
-0.00392049
-0.00395876
-0.00399653
-0.00403353
-0.00406951
-0.00410427
-0.00413781
-0.00417021
-0.00420186
-0.00423291
-0.00426369
-0.00429426
-0.00432489
-0.00435547
-0.00438632
-0.00441718
-0.00444835
-0.00447959
-0.00451119
-0.00454289
-0.00457495
-0.00460716
-0.00463968
-0.00467243
-0.00470545
-0.00473884
-0.0047723
-0.00480627
-0.00484018
-0.00487473
-0.00490911
-0.00494418
-0.00497908
-0.00501462
-0.00505012
-0.00508607
-0.00512225
-0.00515859
-0.00519546
-0.00523223
-0.00526972
-0.00530703
-0.00534503
-0.00538301
-0.00542141
-0.00546015
-0.00549894
-0.00553839
-0.0055777
-0.0056177
-0.00565772
-0.00569811
-0.00573896
-0.00577974
-0.00582131
-0.00586272
-0.00590473
-0.00594704
-0.00598936
-0.00603255
-0.00607538
-0.00611913
-0.00616287
-0.00620687
-0.00625165
-0.00629605
-0.00634151
-0.00638679
-0.00643253
-0.00647891
-0.00652501
-0.00657213
-0.00661911
-0.0066665
-0.00671453
-0.0067623
-0.00681086
-0.00685938
-0.00690791
-0.00695684
-0.00700517
-0.00705327
-0.00710077
-0.00714681
-0.00719148
-0.00723412
-0.00727406
-0.000719416
-0.000683665
-0.000639884
-0.000599772
-0.000569513
-0.000550923
-0.000543094
-0.000543846
-0.000550718
-0.00056137
-0.000573736
-0.000586318
-0.000598241
-0.000609418
-0.000620428
-0.000632009
-0.000644268
-0.000656176
-0.000666132
-0.000673477
-0.000679591
-0.00068776
-0.000701603
-0.00072246
-0.000747786
-0.000771875
-0.000789138
-0.000798123
-0.000803018
-0.000811445
-0.000829499
-0.000857145
-0.000887718
-0.000912349
-0.000926524
-0.000933577
-0.000942477
-0.000961139
-0.000990079
-0.00102205
-0.00104773
-0.00106321
-0.0010732
-0.00108695
-0.00111033
-0.00114086
-0.0011701
-0.00119153
-0.00120618
-0.00122137
-0.00124385
-0.00127344
-0.00130319
-0.00132629
-0.00134307
-0.00136078
-0.00138561
-0.00141587
-0.0014445
-0.00146707
-0.00148619
-0.0015083
-0.00153612
-0.00156557
-0.00159124
-0.00161307
-0.00163602
-0.00166391
-0.00169435
-0.00172175
-0.0017451
-0.00176915
-0.00179749
-0.00182817
-0.0018566
-0.0018816
-0.00190769
-0.00193806
-0.00196849
-0.00199503
-0.00202188
-0.00205294
-0.00208432
-0.00211263
-0.00214083
-0.00217139
-0.00220264
-0.00223329
-0.00226398
-0.00229505
-0.00232617
-0.00235742
-0.00238932
-0.00242204
-0.00245477
-0.00248675
-0.00251892
-0.00255257
-0.00258692
-0.00262045
-0.00265367
-0.00268801
-0.00272325
-0.00275825
-0.00279304
-0.00282843
-0.00286446
-0.00290063
-0.00293687
-0.00297345
-0.00301043
-0.00304768
-0.00308515
-0.00312291
-0.00316099
-0.00319935
-0.00323796
-0.00327682
-0.00331591
-0.0033552
-0.00339467
-0.00343433
-0.00347418
-0.00351422
-0.0035544
-0.00359464
-0.00363486
-0.00367499
-0.00371498
-0.00375484
-0.00379458
-0.00383413
-0.00387336
-0.00391207
-0.00395002
-0.00398709
-0.0040232
-0.0040585
-0.00409309
-0.00412719
-0.00416079
-0.00419401
-0.00422674
-0.00425913
-0.00429108
-0.00432284
-0.0043543
-0.00438577
-0.00441707
-0.0044485
-0.00447989
-0.00451157
-0.00454332
-0.00457539
-0.0046076
-0.0046401
-0.00467284
-0.00470578
-0.00473908
-0.00477245
-0.00480633
-0.00484016
-0.00487464
-0.00490897
-0.00494402
-0.00497891
-0.00501445
-0.00504997
-0.00508594
-0.00512213
-0.00515849
-0.00519537
-0.00523216
-0.00526966
-0.00530698
-0.00534498
-0.00538298
-0.00542138
-0.00546013
-0.00549892
-0.00553837
-0.00557769
-0.00561768
-0.00565772
-0.0056981
-0.00573895
-0.00577974
-0.0058213
-0.00586272
-0.00590473
-0.00594704
-0.00598936
-0.00603254
-0.00607539
-0.00611912
-0.00616287
-0.00620687
-0.00625165
-0.00629606
-0.00634151
-0.0063868
-0.00643254
-0.00647891
-0.00652503
-0.00657214
-0.00661913
-0.00666653
-0.00671455
-0.00676234
-0.0068109
-0.00685944
-0.00690797
-0.0069569
-0.00700525
-0.00705336
-0.00710086
-0.00714692
-0.00719158
-0.00723422
-0.00727418
-0.000675005
-0.000653419
-0.00062709
-0.000603617
-0.00058698
-0.000578206
-0.000576479
-0.000580181
-0.000587634
-0.000597405
-0.000608249
-0.000619077
-0.000629139
-0.000638356
-0.000647337
-0.000657041
-0.00066815
-0.000680431
-0.000692673
-0.000703394
-0.000712049
-0.000720005
-0.000730089
-0.000744881
-0.000764658
-0.000786666
-0.000806496
-0.000820839
-0.000830007
-0.00083827
-0.000851138
-0.000871463
-0.000897145
-0.000922369
-0.000941721
-0.000954239
-0.000964349
-0.0009786
-0.00100055
-0.0010279
-0.00105431
-0.00107457
-0.0010889
-0.0011026
-0.0011214
-0.00114671
-0.00117446
-0.00119882
-0.00121743
-0.00123357
-0.00125311
-0.00127858
-0.00130658
-0.0013316
-0.00135174
-0.00137039
-0.00139236
-0.00141887
-0.00144658
-0.00147152
-0.00149317
-0.00151493
-0.00154013
-0.00156809
-0.00159509
-0.00161907
-0.00164205
-0.00166762
-0.00169622
-0.00172446
-0.00174981
-0.00177409
-0.00180058
-0.00182966
-0.00185861
-0.00188536
-0.00191149
-0.00194007
-0.00197023
-0.0019985
-0.00202555
-0.00205486
-0.00208586
-0.00211547
-0.00214404
-0.0021738
-0.00220465
-0.00223541
-0.00226613
-0.00229716
-0.00232838
-0.00235969
-0.00239136
-0.00242369
-0.00245642
-0.00248889
-0.00252119
-0.00255427
-0.00258827
-0.00262218
-0.0026557
-0.0026897
-0.00272454
-0.0027596
-0.00279453
-0.00282972
-0.00286547
-0.00290154
-0.00293773
-0.00297417
-0.00301096
-0.00304806
-0.00308537
-0.00312293
-0.00316075
-0.00319882
-0.00323712
-0.00327564
-0.00331438
-0.00335335
-0.00339252
-0.00343186
-0.00347131
-0.00351086
-0.00355045
-0.00359009
-0.00362973
-0.00366936
-0.0037089
-0.00374827
-0.00378734
-0.00382603
-0.00386426
-0.00390202
-0.0039393
-0.00397615
-0.00401252
-0.00404839
-0.00408364
-0.00411828
-0.00415222
-0.00418558
-0.00421836
-0.0042508
-0.00428288
-0.00431489
-0.0043467
-0.00437862
-0.00441044
-0.00444247
-0.00447448
-0.00450676
-0.00453906
-0.00457166
-0.00460435
-0.00463729
-0.00467043
-0.00470374
-0.00473737
-0.00477105
-0.0048052
-0.00483925
-0.00487392
-0.0049084
-0.00494355
-0.00497853
-0.00501414
-0.00504971
-0.00508572
-0.00512195
-0.00515833
-0.00519524
-0.00523204
-0.00526956
-0.0053069
-0.00534491
-0.00538292
-0.00542133
-0.00546008
-0.00549888
-0.00553834
-0.00557766
-0.00561766
-0.0056577
-0.00569808
-0.00573894
-0.00577973
-0.00582129
-0.00586272
-0.00590472
-0.00594704
-0.00598936
-0.00603254
-0.00607539
-0.00611912
-0.00616288
-0.00620688
-0.00625164
-0.00629607
-0.00634151
-0.00638681
-0.00643255
-0.00647892
-0.00652505
-0.00657215
-0.00661915
-0.00666656
-0.00671458
-0.00676239
-0.00681095
-0.00685949
-0.00690804
-0.00695696
-0.00700533
-0.00705344
-0.00710094
-0.00714701
-0.00719167
-0.00723431
-0.00727428
-0.000651895
-0.000638896
-0.000623006
-0.000609652
-0.000601532
-0.000599129
-0.000601557
-0.00060743
-0.000615467
-0.000624743
-0.000634607
-0.00064453
-0.000654083
-0.000663056
-0.000671664
-0.000680563
-0.000690548
-0.000702
-0.000714448
-0.000726766
-0.000737906
-0.000747772
-0.000757582
-0.000769283
-0.000784309
-0.000802387
-0.000821351
-0.000838373
-0.000851909
-0.000862976
-0.000874669
-0.000890101
-0.000910133
-0.00093255
-0.000953541
-0.000970539
-0.000984196
-0.000997999
-0.00101555
-0.0010377
-0.00106188
-0.00108416
-0.00110248
-0.0011184
-0.00113569
-0.00115697
-0.00118141
-0.00120561
-0.0012269
-0.00124571
-0.00126491
-0.00128699
-0.00131182
-0.00133689
-0.00135983
-0.00138071
-0.00140194
-0.00142568
-0.00145153
-0.00147711
-0.00150076
-0.0015233
-0.00154707
-0.00157306
-0.00159969
-0.00162497
-0.00164902
-0.00167383
-0.00170065
-0.00172833
-0.00175493
-0.0017804
-0.00180646
-0.00183412
-0.00186256
-0.00189025
-0.00191712
-0.00194481
-0.00197397
-0.00200291
-0.00203081
-0.00205934
-0.00208933
-0.00211933
-0.00214859
-0.00217815
-0.00220853
-0.0022392
-0.00226996
-0.00230097
-0.00233221
-0.00236359
-0.00239522
-0.00242728
-0.0024598
-0.00249244
-0.002525
-0.00255785
-0.0025914
-0.0026253
-0.00265908
-0.00269299
-0.00272748
-0.00276241
-0.00279741
-0.00283255
-0.00286809
-0.00290399
-0.0029401
-0.00297641
-0.00301301
-0.00304991
-0.00308705
-0.00312444
-0.00316207
-0.00319995
-0.00323806
-0.00327636
-0.00331485
-0.0033535
-0.00339228
-0.00343117
-0.00347016
-0.00350922
-0.00354834
-0.00358748
-0.00362658
-0.00366559
-0.00370444
-0.00374311
-0.00378157
-0.00381979
-0.00385774
-0.00389538
-0.00393262
-0.00396939
-0.00400558
-0.00404119
-0.00407617
-0.00411068
-0.00414471
-0.00417843
-0.0042118
-0.00424497
-0.00427785
-0.00431063
-0.00434316
-0.00437572
-0.00440811
-0.00444061
-0.004473
-0.00450557
-0.0045381
-0.00457087
-0.00460368
-0.00463671
-0.00466991
-0.00470325
-0.0047369
-0.00477059
-0.00480475
-0.00483882
-0.00487351
-0.00490802
-0.00494321
-0.00497823
-0.00501388
-0.00504948
-0.00508552
-0.00512178
-0.00515819
-0.00519512
-0.00523194
-0.00526947
-0.00530682
-0.00534485
-0.00538287
-0.00542129
-0.00546005
-0.00549886
-0.00553832
-0.00557764
-0.00561764
-0.00565769
-0.00569807
-0.00573893
-0.00577973
-0.00582128
-0.00586272
-0.00590472
-0.00594703
-0.00598936
-0.00603253
-0.00607539
-0.00611912
-0.00616288
-0.00620688
-0.00625164
-0.00629607
-0.00634152
-0.00638681
-0.00643256
-0.00647893
-0.00652507
-0.00657217
-0.00661917
-0.00666659
-0.00671461
-0.00676242
-0.00681099
-0.00685953
-0.00690809
-0.00695702
-0.0070054
-0.00705352
-0.00710101
-0.00714709
-0.00719175
-0.00723439
-0.00727437
-0.00062726
-0.000622695
-0.000616766
-0.000612511
-0.000611452
-0.000613827
-0.00061903
-0.000626128
-0.000634293
-0.000643028
-0.00065215
-0.000661585
-0.000671192
-0.000680741
-0.000690064
-0.000699258
-0.000708729
-0.000718995
-0.000730329
-0.0007425
-0.000754854
-0.00076675
-0.000778077
-0.000789482
-0.000802055
-0.000816566
-0.000832802
-0.000849541
-0.000865293
-0.000879361
-0.00089246
-0.000906328
-0.000922523
-0.000941221
-0.00096099
-0.000979809
-0.000996596
-0.00101208
-0.00102824
-0.00104676
-0.00106765
-0.00108923
-0.00110955
-0.00112803
-0.00114589
-0.00116503
-0.00118644
-0.00120928
-0.00123173
-0.00125261
-0.00127249
-0.00129315
-0.00131577
-0.00133978
-0.00136347
-0.0013858
-0.00140745
-0.00143002
-0.00145424
-0.00147926
-0.00150371
-0.00152725
-0.00155087
-0.00157562
-0.00160139
-0.00162715
-0.00165228
-0.0016772
-0.00170289
-0.00172962
-0.00175658
-0.00178297
-0.00180913
-0.00183599
-0.00186375
-0.00189168
-0.00191918
-0.00194674
-0.00197515
-0.00200407
-0.00203265
-0.00206117
-0.00209045
-0.0021203
-0.00215003
-0.0021797
-0.0022098
-0.00224034
-0.00227111
-0.00230207
-0.00233327
-0.00236471
-0.00239638
-0.00242832
-0.00246063
-0.00249326
-0.00252601
-0.00255889
-0.00259219
-0.00262593
-0.00265984
-0.00269383
-0.00272816
-0.00276291
-0.00279791
-0.00283306
-0.0028685
-0.00290426
-0.0029403
-0.00297656
-0.00301306
-0.00304984
-0.00308687
-0.00312413
-0.0031616
-0.00319928
-0.00323716
-0.00327521
-0.00331343
-0.0033518
-0.00339029
-0.00342889
-0.00346757
-0.00350628
-0.00354499
-0.00358367
-0.0036223
-0.00366086
-0.00369934
-0.00373769
-0.00377584
-0.00381374
-0.00385132
-0.00388854
-0.00392535
-0.00396177
-0.0039978
-0.0040335
-0.00406883
-0.00410381
-0.00413836
-0.00417258
-0.00420638
-0.00423995
-0.00427318
-0.0043063
-0.00433917
-0.00437203
-0.0044047
-0.00443749
-0.00447016
-0.00450302
-0.00453584
-0.00456887
-0.00460194
-0.0046352
-0.00466861
-0.00470214
-0.00473596
-0.0047698
-0.00480409
-0.00483827
-0.00487305
-0.00490764
-0.00494289
-0.00497796
-0.00501364
-0.00504928
-0.00508535
-0.00512163
-0.00515806
-0.00519501
-0.00523185
-0.00526939
-0.00530676
-0.00534479
-0.00538282
-0.00542125
-0.00546001
-0.00549883
-0.00553829
-0.00557762
-0.00561763
-0.00565767
-0.00569806
-0.00573892
-0.00577972
-0.00582127
-0.00586271
-0.00590471
-0.00594703
-0.00598936
-0.00603253
-0.00607539
-0.00611912
-0.00616287
-0.00620689
-0.00625164
-0.00629608
-0.00634152
-0.00638682
-0.00643257
-0.00647893
-0.00652508
-0.00657218
-0.00661919
-0.00666661
-0.00671463
-0.00676245
-0.00681103
-0.00685957
-0.00690814
-0.00695707
-0.00700545
-0.00705357
-0.00710107
-0.00714714
-0.00719181
-0.00723444
-0.00727442
-0.000614427
-0.000614717
-0.000615047
-0.000616806
-0.000620688
-0.000626706
-0.000634364
-0.000642935
-0.000651792
-0.000660653
-0.000669574
-0.000678739
-0.000688259
-0.000698082
-0.000708042
-0.000718006
-0.000728019
-0.000738339
-0.000749291
-0.000761038
-0.000773422
-0.000786027
-0.00079847
-0.000810715
-0.000823176
-0.000836471
-0.000850977
-0.000866481
-0.000882257
-0.00089753
-0.00091207
-0.000926418
-0.000941549
-0.000958163
-0.000976121
-0.000994506
-0.0010123
-0.00102916
-0.00104575
-0.00106319
-0.00108215
-0.00110229
-0.00112252
-0.00114196
-0.00116065
-0.00117958
-0.0011997
-0.00122112
-0.00124295
-0.00126424
-0.00128485
-0.00130556
-0.00132724
-0.00135001
-0.00137315
-0.00139588
-0.00141814
-0.00144063
-0.00146398
-0.00148814
-0.00151245
-0.00153642
-0.0015602
-0.00158444
-0.00160951
-0.00163505
-0.00166037
-0.0016854
-0.00171078
-0.00173699
-0.00176366
-0.00179017
-0.00181649
-0.00184318
-0.0018705
-0.00189819
-0.00192583
-0.00195347
-0.00198154
-0.00201013
-0.00203882
-0.00206744
-0.00209644
-0.00212599
-0.00215572
-0.00218543
-0.00221541
-0.00224583
-0.00227651
-0.00230736
-0.00233847
-0.00236988
-0.00240153
-0.00243338
-0.00246555
-0.00249807
-0.00253081
-0.0025637
-0.00259687
-0.00263043
-0.00266426
-0.00269824
-0.00273247
-0.00276705
-0.00280194
-0.00283702
-0.00287234
-0.00290796
-0.00294384
-0.00297995
-0.00301629
-0.0030529
-0.00308975
-0.00312684
-0.00316416
-0.0032017
-0.00323944
-0.00327735
-0.00331541
-0.00335358
-0.00339182
-0.0034301
-0.00346842
-0.00350678
-0.00354516
-0.00358353
-0.00362183
-0.00365999
-0.00369795
-0.00373567
-0.00377313
-0.00381035
-0.00384732
-0.00388403
-0.00392047
-0.00395664
-0.00399246
-0.00402796
-0.00406304
-0.0040978
-0.00413218
-0.00416633
-0.00420019
-0.00423392
-0.0042674
-0.00430085
-0.0043341
-0.00436738
-0.0044005
-0.00443372
-0.00446681
-0.00450006
-0.00453322
-0.00456657
-0.00459991
-0.00463342
-0.00466704
-0.00470076
-0.00473474
-0.00476873
-0.00480314
-0.00483744
-0.00487232
-0.00490699
-0.00494233
-0.00497747
-0.00501322
-0.00504892
-0.00508504
-0.00512137
-0.00515784
-0.00519482
-0.00523169
-0.00526926
-0.00530665
-0.0053447
-0.00538274
-0.00542118
-0.00545996
-0.00549879
-0.00553826
-0.0055776
-0.0056176
-0.00565765
-0.00569805
-0.00573891
-0.00577971
-0.00582127
-0.00586271
-0.00590471
-0.00594702
-0.00598936
-0.00603253
-0.00607539
-0.00611912
-0.00616287
-0.00620689
-0.00625165
-0.00629608
-0.00634153
-0.00638682
-0.00643258
-0.00647894
-0.00652509
-0.0065722
-0.00661921
-0.00666663
-0.00671466
-0.00676248
-0.00681107
-0.00685961
-0.00690819
-0.00695713
-0.00700551
-0.00705364
-0.00710113
-0.0071472
-0.00719186
-0.00723449
-0.00727448
)
;

boundaryField
{
    zeroGradient_plane
    {
        type            zeroGradient;
    }
    inlet
    {
        type            zeroGradient;
    }
    plate
    {
        type            zeroGradient;
    }
    frontAndBack
    {
        type            empty;
    }
}


// ************************************************************************* //
