/*--------------------------------*- C++ -*----------------------------------*\
| =========                 |                                                 |
| \\      /  F ield         | OpenFOAM: The Open Source CFD Toolbox           |
|  \\    /   O peration     | Version:  v1906                                 |
|   \\  /    A nd           | Web:      www.OpenFOAM.com                      |
|    \\/     M anipulation  |                                                 |
\*---------------------------------------------------------------------------*/
FoamFile
{
    version     2.0;
    format      ascii;
    class       volScalarField;
    location    "0.3";
    object      p;
}
// * * * * * * * * * * * * * * * * * * * * * * * * * * * * * * * * * * * * * //

dimensions      [0 2 -2 0 0 0 0];


internalField   nonuniform List<scalar> 
4800
(
5.57361e-11
1.35788e-05
4.09017e-05
6.41062e-05
9.59165e-05
0.000143474
0.000181553
0.000209853
0.000248303
0.000305091
0.000357596
0.000381483
0.000367183
0.000319606
0.000243729
0.00012639
-5.03225e-05
-0.000277697
-0.000492211
-0.000594116
6.15151e-06
1.40911e-05
3.16039e-05
6.02796e-05
9.47746e-05
0.000138768
0.000180632
0.000210761
0.000249015
0.000306673
0.000351427
0.000353576
0.000307454
0.000220541
0.000116218
-6.23537e-07
-0.000145654
-0.000320131
-0.000485983
-0.000565205
6.70853e-06
1.51628e-05
2.92333e-05
5.39363e-05
9.1809e-05
0.00013877
0.000181186
0.000210653
0.000242822
0.000289151
0.000314855
0.000291575
0.000228117
0.000140284
5.18113e-05
-3.02937e-05
-0.000130478
-0.00026239
-0.000399662
-0.000474351
5.91811e-06
1.86273e-05
3.26041e-05
4.51858e-05
8.15346e-05
0.000135561
0.000179905
0.000204193
0.000225233
0.000255424
0.000267672
0.000233682
0.000164432
8.54132e-05
1.41047e-05
-4.95373e-05
-0.000128444
-0.000239619
-0.000361127
-0.000435154
5.6035e-06
1.67135e-05
3.40921e-05
4.38252e-05
6.9159e-05
0.000123163
0.000172055
0.000194978
0.000204256
0.000217073
0.000218612
0.000179034
0.000107303
3.40224e-05
-2.37397e-05
-7.14873e-05
-0.000129609
-0.000214019
-0.00031169
-0.000375909
5.61031e-06
1.37716e-05
3.24582e-05
4.72124e-05
6.13038e-05
0.000100476
0.000151281
0.000178372
0.000182762
0.000181785
0.00016928
0.000124413
5.22e-05
-1.54108e-05
-5.98054e-05
-8.72276e-05
-0.000120297
-0.000179452
-0.000258828
-0.000320053
4.63561e-06
1.16718e-05
2.65856e-05
4.48221e-05
5.89221e-05
8.20337e-05
0.00011808
0.000147297
0.00015651
0.000151428
0.000128353
7.5579e-05
1.6572e-06
-6.16014e-05
-8.99362e-05
-9.25678e-05
-0.000102062
-0.000144842
-0.000217247
-0.000283158
2.1468e-06
9.38914e-06
2.07573e-05
3.54389e-05
5.31109e-05
7.06696e-05
8.71675e-05
0.000102674
0.000116537
0.000120638
9.97798e-05
4.17988e-05
-3.85561e-05
-0.000102972
-0.000122516
-0.000106136
-9.27021e-05
-0.000117735
-0.00018318
-0.000254812
-1.8693e-06
5.42507e-06
1.56159e-05
2.3889e-05
3.87581e-05
5.76888e-05
6.47393e-05
6.0979e-05
6.41438e-05
7.7799e-05
7.44583e-05
2.57597e-05
-5.955e-05
-0.000135153
-0.000160925
-0.000136929
-0.000102071
-0.000100949
-0.000149238
-0.000221476
-6.93696e-06
-8.99761e-07
9.06389e-06
1.28306e-05
1.89616e-05
3.71742e-05
4.60445e-05
3.03376e-05
1.51468e-05
2.33304e-05
3.64789e-05
1.22846e-05
-6.25905e-05
-0.000149815
-0.000195051
-0.000178766
-0.000130786
-0.000102216
-0.000124192
-0.000187118
-1.30516e-05
-9.35784e-06
-6.6013e-07
1.82121e-06
-4.93203e-07
9.5566e-06
2.17084e-05
8.6854e-06
-2.07177e-05
-2.94845e-05
-1.43254e-05
-1.43545e-05
-6.28195e-05
-0.000145112
-0.000209197
-0.000216787
-0.000175595
-0.000129687
-0.00012228
-0.000162287
-2.04975e-05
-1.92869e-05
-1.38071e-05
-1.12514e-05
-1.8045e-05
-1.83505e-05
-8.73216e-06
-1.46488e-05
-4.45071e-05
-6.93691e-05
-6.65595e-05
-5.58737e-05
-7.6199e-05
-0.000136475
-0.000204576
-0.000236998
-0.000219547
-0.000176216
-0.000147638
-0.000159102
-2.97792e-05
-3.03714e-05
-2.87549e-05
-2.71749e-05
-3.50228e-05
-4.34865e-05
-4.16761e-05
-4.31843e-05
-6.54283e-05
-9.60034e-05
-0.000108334
-0.000102317
-0.00010527
-0.000139793
-0.000195336
-0.000239525
-0.000247248
-0.000222544
-0.000191606
-0.000181942
-4.0883e-05
-4.25794e-05
-4.4541e-05
-4.56628e-05
-5.32669e-05
-6.54987e-05
-7.15033e-05
-7.44647e-05
-8.94052e-05
-0.000116513
-0.000138157
-0.000142763
-0.000142894
-0.000158871
-0.000195686
-0.000236392
-0.000259117
-0.000255265
-0.000235944
-0.000220973
-5.35624e-05
-5.60547e-05
-6.05816e-05
-6.48569e-05
-7.27691e-05
-8.59959e-05
-9.75282e-05
-0.000104794
-0.0001162
-0.000137251
-0.000160016
-0.000173462
-0.00017834
-0.000187072
-0.000208827
-0.000239342
-0.000265041
-0.000275266
-0.000270414
-0.000260977
-6.72714e-05
-7.03829e-05
-7.65722e-05
-8.3728e-05
-9.28702e-05
-0.00010617
-0.000120252
-0.0001314
-0.000142835
-0.000159699
-0.000180122
-0.000197153
-0.000207526
-0.000216212
-0.000230365
-0.000251544
-0.000273757
-0.00028929
-0.000294863
-0.000293684
-8.13034e-05
-8.50144e-05
-9.22943e-05
-0.000101534
-0.000112214
-0.000125637
-0.000140694
-0.000154526
-0.000167423
-0.000182436
-0.000200204
-0.000217493
-0.00023122
-0.000242089
-0.000253959
-0.000269467
-0.000287274
-0.000303154
-0.000313756
-0.000318987
-9.48248e-05
-9.90662e-05
-0.00010707
-0.000117625
-0.000129715
-0.000143594
-0.000159023
-0.000174357
-0.000188772
-0.000203444
-0.000219483
-0.000236
-0.000251012
-0.000263874
-0.000275986
-0.000289153
-0.000303698
-0.00031812
-0.000330366
-0.00033941
-0.000107033
-0.000111553
-0.000119927
-0.000131135
-0.000144141
-0.000158506
-0.000174026
-0.000189955
-0.000205486
-0.000220655
-0.000236011
-0.000251567
-0.000266614
-0.000280514
-0.000293377
-0.000305877
-0.000318535
-0.000331199
-0.000343155
-0.00035369
-0.000117903
-0.000123161
-0.000132337
-0.000144434
-0.000158508
-0.000173847
-0.000190013
-0.000206519
-0.000222824
-0.000238684
-0.000254208
-0.000269506
-0.000284425
-0.000298681
-0.000312154
-0.000324984
-0.000337387
-0.000349413
-0.000360878
-0.000371512
-0.000473534
-0.000143007
0.000243379
0.000535954
0.000685966
0.000707293
0.000638102
0.000514085
0.000360839
0.000201523
5.68034e-05
-6.45297e-05
-0.000162247
-0.000235451
-0.000276122
-0.000281291
-0.000267192
-0.000259406
-0.000272804
-0.000303441
-0.000337093
-0.000364175
-0.000387601
-0.000420685
-0.000472587
-0.000531542
-0.000572969
-0.00058686
-0.000588963
-0.000603843
-0.00063745
-0.000670896
-0.000686767
-0.000693347
-0.000715019
-0.000761233
-0.000810801
-0.000836567
-0.000842334
-0.000855472
-0.000886835
-0.000921063
-0.00094406
-0.000962552
-0.000992471
-0.00103293
-0.0010641
-0.00107759
-0.00109033
-0.0011168
-0.00114924
-0.00117696
-0.00120335
-0.00123325
-0.00126172
-0.00128479
-0.00130808
-0.00133729
-0.00136923
-0.00139776
-0.00142214
-0.00144569
-0.00147154
-0.00150133
-0.00153371
-0.0015643
-0.00159098
-0.00161717
-0.0016466
-0.00167791
-0.00170785
-0.00173656
-0.00176633
-0.00179754
-0.00182878
-0.00185958
-0.0018908
-0.00192279
-0.00195502
-0.00198712
-0.00201956
-0.00205298
-0.00208733
-0.00212191
-0.00215609
-0.00219012
-0.00222508
-0.002262
-0.00230085
-0.00234042
-0.0023791
-0.00241631
-0.00245331
-0.00249274
-0.00253724
-0.00258786
-0.00264318
-0.00269974
-0.00275324
-0.00279991
-0.00283771
-0.00286666
-0.00288786
-0.00290285
-0.00291749
-0.00293195
-0.00294717
-0.00296338
-0.0029835
-0.00300494
-0.00302807
-0.00305271
-0.00307857
-0.00310543
-0.00313313
-0.00316154
-0.00319051
-0.00322
-0.00324997
-0.00328029
-0.00331102
-0.00334214
-0.00337362
-0.00340545
-0.00343761
-0.00347009
-0.00350289
-0.003536
-0.00356941
-0.00360311
-0.00363711
-0.00367141
-0.00370598
-0.00374085
-0.003776
-0.00381143
-0.00384714
-0.00388313
-0.00391941
-0.00395597
-0.0039928
-0.00402992
-0.00406733
-0.00410502
-0.00414299
-0.00418125
-0.00421979
-0.00425863
-0.00429775
-0.00433717
-0.00437688
-0.00441689
-0.00445719
-0.0044978
-0.0045387
-0.00457991
-0.00462142
-0.00466324
-0.00470537
-0.00474781
-0.00479057
-0.00483364
-0.00487702
-0.00492073
-0.00496476
-0.00500912
-0.0050538
-0.00509882
-0.00514416
-0.00518985
-0.00523585
-0.00528222
-0.0053289
-0.00537597
-0.00542333
-0.00547112
-0.00551915
-0.00556767
-0.00561638
-0.00566566
-0.00571505
-0.0057651
-0.0058152
-0.00586598
-0.00591686
-0.00596832
-0.00602006
-0.00607213
-0.00612483
-0.00617747
-0.00623113
-0.00628442
-0.00633892
-0.00639307
-0.00644819
-0.00650342
-0.00655901
-0.00661539
-0.00667158
-0.00672886
-0.00678598
-0.00684385
-0.00690215
-0.00696056
-0.0070199
-0.00707918
-0.00713916
-0.00719965
-0.00726006
-0.00732163
-0.00738277
-0.00744465
-0.00750675
-0.00756818
-0.00763023
-0.00769059
-0.00774954
-0.00780713
-0.00785832
-0.00790465
-0.00047756
-0.00022667
9.34618e-05
0.000364758
0.000523784
0.000563051
0.000515872
0.000424832
0.000316257
0.000198356
7.57333e-05
-4.33008e-05
-0.000151262
-0.000236039
-0.000282443
-0.00028973
-0.00027936
-0.000276603
-0.000290357
-0.000314594
-0.000340403
-0.000363677
-0.000387577
-0.000421963
-0.000474042
-0.000533825
-0.000577927
-0.00059375
-0.000594692
-0.000606995
-0.00063966
-0.00067391
-0.000690232
-0.000696256
-0.000717252
-0.000763379
-0.000813752
-0.000840518
-0.000845975
-0.000857571
-0.00088809
-0.000923048
-0.000946851
-0.000964727
-0.00099354
-0.0010343
-0.00106668
-0.00108018
-0.00109187
-0.00111815
-0.0011512
-0.00117888
-0.00120479
-0.00123477
-0.00126356
-0.00128646
-0.00130941
-0.00133857
-0.00137053
-0.00139907
-0.00142362
-0.0014473
-0.00147292
-0.00150244
-0.00153497
-0.00156583
-0.0015924
-0.00161824
-0.00164758
-0.00167909
-0.00170915
-0.00173777
-0.00176745
-0.00179864
-0.00182984
-0.00186059
-0.00189181
-0.00192387
-0.00195609
-0.00198806
-0.00202037
-0.00205378
-0.00208825
-0.0021229
-0.002157
-0.00219081
-0.00222555
-0.00226237
-0.00230129
-0.00234096
-0.00237963
-0.0024167
-0.00245339
-0.00249234
-0.00253623
-0.00258613
-0.0026407
-0.00269651
-0.00274936
-0.00279571
-0.00283368
-0.0028631
-0.00288493
-0.00290182
-0.00291683
-0.00293169
-0.00294743
-0.00296532
-0.00298425
-0.00300562
-0.00302873
-0.00305328
-0.00307902
-0.00310578
-0.00313337
-0.00316173
-0.00319061
-0.00322004
-0.00325001
-0.00328028
-0.00331101
-0.00334212
-0.0033736
-0.00340543
-0.00343759
-0.00347008
-0.00350288
-0.00353598
-0.0035694
-0.0036031
-0.00363711
-0.0036714
-0.00370598
-0.00374084
-0.00377599
-0.00381142
-0.00384714
-0.00388313
-0.00391941
-0.00395596
-0.0039928
-0.00402992
-0.00406733
-0.00410501
-0.00414299
-0.00418125
-0.00421979
-0.00425863
-0.00429775
-0.00433717
-0.00437688
-0.00441689
-0.00445719
-0.0044978
-0.0045387
-0.00457991
-0.00462142
-0.00466324
-0.00470537
-0.00474781
-0.00479056
-0.00483364
-0.00487702
-0.00492073
-0.00496476
-0.00500912
-0.0050538
-0.00509882
-0.00514416
-0.00518985
-0.00523585
-0.00528223
-0.0053289
-0.00537598
-0.00542333
-0.00547112
-0.00551914
-0.00556768
-0.00561637
-0.00566567
-0.00571505
-0.0057651
-0.00581519
-0.00586599
-0.00591685
-0.00596832
-0.00602006
-0.00607213
-0.00612483
-0.00617747
-0.00623114
-0.00628441
-0.00633894
-0.00639305
-0.0064482
-0.00650341
-0.00655902
-0.00661539
-0.00667157
-0.00672887
-0.00678597
-0.00684386
-0.00690215
-0.00696056
-0.00701991
-0.00707917
-0.00713916
-0.00719965
-0.00726006
-0.00732164
-0.00738277
-0.00744465
-0.0075068
-0.00756816
-0.0076303
-0.00769056
-0.00774962
-0.00780714
-0.00785858
-0.00790534
-0.000414447
-0.000216032
5.16155e-05
0.000288576
0.000431785
0.000468112
0.000427776
0.000355455
0.000279808
0.000202801
0.000111626
3.38827e-07
-0.000118117
-0.000216535
-0.000271403
-0.000284
-0.000280953
-0.000287736
-0.00030716
-0.000327441
-0.000342637
-0.000357412
-0.000378911
-0.000413852
-0.000466075
-0.000526769
-0.000574462
-0.000594133
-0.000595346
-0.000605094
-0.000636364
-0.000671387
-0.000688333
-0.000693762
-0.000714226
-0.000761136
-0.000813449
-0.00084185
-0.000847218
-0.000857365
-0.000886909
-0.000922152
-0.000946164
-0.000962995
-0.000990725
-0.00103208
-0.0010659
-0.00107971
-0.00109089
-0.00111751
-0.00115152
-0.00117945
-0.00120511
-0.00123515
-0.00126382
-0.0012858
-0.00130776
-0.00133667
-0.00136902
-0.00139839
-0.00142407
-0.0014484
-0.00147361
-0.00150237
-0.00153472
-0.00156577
-0.00159218
-0.00161775
-0.00164735
-0.00167946
-0.0017097
-0.00173798
-0.00176734
-0.00179862
-0.00183014
-0.001861
-0.00189198
-0.00192373
-0.00195596
-0.00198834
-0.00202103
-0.00205429
-0.00208806
-0.00212211
-0.00215639
-0.00219113
-0.00222672
-0.00226336
-0.00230082
-0.00233862
-0.00237639
-0.00241425
-0.002453
-0.00249392
-0.00253797
-0.00258511
-0.00263411
-0.00268293
-0.00272911
-0.00277051
-0.00280595
-0.00283547
-0.00286063
-0.00288291
-0.00290206
-0.00292145
-0.00293986
-0.00295963
-0.00298062
-0.00300314
-0.00302701
-0.00305208
-0.00307816
-0.00310515
-0.00313287
-0.00316138
-0.00319034
-0.00321986
-0.00324975
-0.00328017
-0.00331093
-0.00334206
-0.00337355
-0.00340539
-0.00343755
-0.00347004
-0.00350285
-0.00353596
-0.00356937
-0.00360308
-0.00363709
-0.00367138
-0.00370596
-0.00374083
-0.00377598
-0.00381141
-0.00384713
-0.00388312
-0.0039194
-0.00395596
-0.0039928
-0.00402992
-0.00406732
-0.00410501
-0.00414298
-0.00418124
-0.00421979
-0.00425863
-0.00429775
-0.00433717
-0.00437688
-0.00441689
-0.00445719
-0.0044978
-0.0045387
-0.00457991
-0.00462142
-0.00466324
-0.00470537
-0.00474781
-0.00479056
-0.00483364
-0.00487702
-0.00492073
-0.00496476
-0.00500912
-0.0050538
-0.00509882
-0.00514416
-0.00518985
-0.00523585
-0.00528222
-0.0053289
-0.00537597
-0.00542333
-0.00547112
-0.00551914
-0.00556767
-0.00561638
-0.00566566
-0.00571505
-0.0057651
-0.00581519
-0.00586599
-0.00591685
-0.00596833
-0.00602005
-0.00607215
-0.00612482
-0.00617748
-0.00623114
-0.00628441
-0.00633894
-0.00639304
-0.00644822
-0.00650338
-0.00655904
-0.00661538
-0.00667156
-0.00672889
-0.00678594
-0.00684389
-0.00690214
-0.00696055
-0.00701993
-0.00707914
-0.00713918
-0.00719965
-0.00726006
-0.00732165
-0.00738277
-0.00744465
-0.00750682
-0.00756815
-0.00763035
-0.00769056
-0.00774968
-0.00780722
-0.0078588
-0.00790576
-0.00039658
-0.000236455
-1.0381e-05
0.000193506
0.000316827
0.000346778
0.000310102
0.000249255
0.000193463
0.000143642
8.12493e-05
-7.92233e-06
-0.000115435
-0.000212626
-0.000271065
-0.000287558
-0.000288283
-0.000301741
-0.000330633
-0.000356348
-0.000367051
-0.000371239
-0.000384714
-0.000416812
-0.000468073
-0.000528059
-0.000577207
-0.000601183
-0.000606413
-0.000616853
-0.000646637
-0.000680624
-0.000696847
-0.000700467
-0.000718657
-0.000764862
-0.000818558
-0.000848703
-0.00085445
-0.000863775
-0.000892399
-0.000926894
-0.000950029
-0.000966115
-0.000993739
-0.00103572
-0.00107059
-0.00108502
-0.00109577
-0.00112138
-0.00115477
-0.0011826
-0.00120839
-0.00123872
-0.00126759
-0.00128922
-0.00131047
-0.00133911
-0.00137187
-0.00140181
-0.00142765
-0.0014516
-0.00147624
-0.00150479
-0.00153744
-0.00156876
-0.001595
-0.00162021
-0.00164975
-0.00168203
-0.0017123
-0.00174043
-0.00176966
-0.00180093
-0.00183239
-0.00186314
-0.00189408
-0.00192587
-0.0019581
-0.00199031
-0.00202275
-0.00205586
-0.00208972
-0.00212396
-0.00215826
-0.00219269
-0.00222766
-0.00226371
-0.00230102
-0.00233919
-0.00237752
-0.00241565
-0.00245393
-0.00249336
-0.00253504
-0.00257956
-0.00262637
-0.00267383
-0.00271978
-0.00276222
-0.00279976
-0.00283179
-0.00285859
-0.002882
-0.0029018
-0.00292106
-0.00293954
-0.00295975
-0.00298109
-0.00300367
-0.00302756
-0.00305261
-0.00307853
-0.00310542
-0.00313306
-0.00316146
-0.0031904
-0.00321982
-0.00324971
-0.00328008
-0.00331084
-0.00334198
-0.00337347
-0.00340532
-0.00343749
-0.00346999
-0.0035028
-0.00353592
-0.00356934
-0.00360305
-0.00363706
-0.00367136
-0.00370594
-0.00374081
-0.00377596
-0.0038114
-0.00384712
-0.00388311
-0.00391939
-0.00395595
-0.00399279
-0.00402991
-0.00406732
-0.00410501
-0.00414298
-0.00418124
-0.00421979
-0.00425862
-0.00429775
-0.00433717
-0.00437688
-0.00441689
-0.00445719
-0.00449779
-0.0045387
-0.00457991
-0.00462142
-0.00466324
-0.00470537
-0.00474781
-0.00479056
-0.00483363
-0.00487702
-0.00492073
-0.00496476
-0.00500912
-0.0050538
-0.00509882
-0.00514416
-0.00518985
-0.00523585
-0.00528222
-0.0053289
-0.00537598
-0.00542333
-0.00547112
-0.00551914
-0.00556768
-0.00561637
-0.00566567
-0.00571505
-0.0057651
-0.00581519
-0.00586599
-0.00591685
-0.00596833
-0.00602005
-0.00607215
-0.00612483
-0.00617747
-0.00623114
-0.0062844
-0.00633895
-0.00639303
-0.00644823
-0.00650338
-0.00655904
-0.00661538
-0.00667156
-0.0067289
-0.00678593
-0.00684389
-0.00690214
-0.00696054
-0.00701995
-0.00707912
-0.0071392
-0.00719964
-0.00726006
-0.00732166
-0.00738278
-0.00744465
-0.00750685
-0.00756815
-0.00763039
-0.00769059
-0.00774972
-0.00780735
-0.00785897
-0.00790615
-0.000351747
-0.000227064
-4.31863e-05
0.000126408
0.000228633
0.000249485
0.000212836
0.000158839
0.000116127
8.56298e-05
4.60547e-05
-2.09801e-05
-0.000111473
-0.000201131
-0.000261374
-0.000281859
-0.000282861
-0.000297004
-0.000334554
-0.000373915
-0.000391036
-0.000388793
-0.000390712
-0.000415619
-0.000464306
-0.000521738
-0.000567976
-0.000592623
-0.000603
-0.000618498
-0.00064983
-0.00068345
-0.000699171
-0.00070068
-0.000714714
-0.000758225
-0.000813565
-0.000847674
-0.000855765
-0.000865229
-0.000893726
-0.000927957
-0.000949533
-0.000963418
-0.000989995
-0.00103286
-0.0010698
-0.00108577
-0.00109636
-0.00112074
-0.00115326
-0.00118106
-0.00120736
-0.00123856
-0.00126813
-0.00128944
-0.00130932
-0.00133684
-0.00136987
-0.00140108
-0.00142785
-0.0014517
-0.0014757
-0.00150394
-0.00153687
-0.00156853
-0.00159464
-0.00161948
-0.00164898
-0.0016816
-0.00171214
-0.00174015
-0.00176917
-0.00180044
-0.00183207
-0.00186288
-0.00189368
-0.00192529
-0.00195748
-0.00198987
-0.0020225
-0.00205558
-0.00208907
-0.00212287
-0.00215703
-0.00219176
-0.00222722
-0.00226341
-0.00230011
-0.00233707
-0.00237424
-0.00241185
-0.00245042
-0.00249051
-0.00253244
-0.00257594
-0.00262006
-0.00266347
-0.00270476
-0.00274282
-0.002777
-0.00280734
-0.00283456
-0.00285938
-0.00288318
-0.00290504
-0.002929
-0.00295197
-0.00297546
-0.0029995
-0.00302443
-0.00305025
-0.00307657
-0.00310407
-0.00313212
-0.00316063
-0.0031898
-0.00321939
-0.00324941
-0.00327983
-0.00331064
-0.00334181
-0.00337334
-0.0034052
-0.00343739
-0.0034699
-0.00350272
-0.00353585
-0.00356928
-0.003603
-0.00363702
-0.00367132
-0.00370591
-0.00374078
-0.00377594
-0.00381138
-0.0038471
-0.0038831
-0.00391938
-0.00395594
-0.00399278
-0.0040299
-0.00406731
-0.004105
-0.00414297
-0.00418124
-0.00421978
-0.00425862
-0.00429775
-0.00433716
-0.00437688
-0.00441688
-0.00445719
-0.00449779
-0.0045387
-0.00457991
-0.00462142
-0.00466324
-0.00470537
-0.00474781
-0.00479056
-0.00483363
-0.00487702
-0.00492073
-0.00496476
-0.00500912
-0.0050538
-0.00509882
-0.00514416
-0.00518985
-0.00523585
-0.00528222
-0.0053289
-0.00537597
-0.00542333
-0.00547112
-0.00551914
-0.00556768
-0.00561637
-0.00566567
-0.00571505
-0.0057651
-0.00581519
-0.00586599
-0.00591684
-0.00596834
-0.00602005
-0.00607215
-0.00612482
-0.00617748
-0.00623114
-0.0062844
-0.00633897
-0.00639301
-0.00644825
-0.00650336
-0.00655905
-0.00661539
-0.00667154
-0.00672892
-0.00678591
-0.00684391
-0.00690214
-0.00696053
-0.00701998
-0.0070791
-0.00713921
-0.00719965
-0.00726005
-0.00732168
-0.00738278
-0.00744466
-0.00750687
-0.00756816
-0.00763043
-0.00769063
-0.00774977
-0.00780747
-0.00785913
-0.00790647
-0.000313451
-0.00022227
-7.53859e-05
6.55915e-05
0.000150255
0.00016141
0.000120712
6.87151e-05
3.43234e-05
1.79649e-05
-2.32375e-06
-4.8402e-05
-0.000122506
-0.000204602
-0.000264748
-0.000286542
-0.000284965
-0.000294819
-0.000334986
-0.000386881
-0.000416647
-0.000415533
-0.000407846
-0.000423206
-0.000468575
-0.000525157
-0.000568949
-0.000591461
-0.000603267
-0.000623355
-0.000659285
-0.000696092
-0.00071358
-0.000713214
-0.000720566
-0.000757616
-0.000812823
-0.000851663
-0.000862663
-0.000871201
-0.000899049
-0.000934925
-0.000956812
-0.000966972
-0.000989392
-0.00103286
-0.00107411
-0.00109271
-0.0011024
-0.00112512
-0.00115678
-0.0011836
-0.00120908
-0.00124116
-0.00127261
-0.00129437
-0.00131283
-0.00133876
-0.00137156
-0.00140393
-0.00143204
-0.00145597
-0.00147866
-0.00150582
-0.00153914
-0.00157185
-0.0015981
-0.0016222
-0.00165125
-0.00168416
-0.00171502
-0.0017429
-0.00177162
-0.0018028
-0.00183446
-0.00186525
-0.00189597
-0.00192754
-0.0019597
-0.00199195
-0.00202435
-0.00205724
-0.00209071
-0.00212461
-0.00215881
-0.00219331
-0.00222822
-0.00226371
-0.00229993
-0.00233689
-0.0023744
-0.00241232
-0.00245066
-0.00248962
-0.00252945
-0.00257026
-0.00261181
-0.00265338
-0.00269405
-0.00273287
-0.002769
-0.00280199
-0.00283194
-0.00285914
-0.00288382
-0.00290695
-0.00292946
-0.00295231
-0.00297547
-0.00299967
-0.00302466
-0.00305041
-0.00307725
-0.00310436
-0.00313227
-0.00316066
-0.00318966
-0.00321918
-0.00324917
-0.0032796
-0.00331042
-0.00334161
-0.00337316
-0.00340504
-0.00343725
-0.00346978
-0.00350262
-0.00353576
-0.0035692
-0.00360293
-0.00363696
-0.00367127
-0.00370586
-0.00374074
-0.00377591
-0.00381135
-0.00384707
-0.00388307
-0.00391936
-0.00395592
-0.00399276
-0.00402989
-0.0040673
-0.00410499
-0.00414297
-0.00418123
-0.00421978
-0.00425861
-0.00429774
-0.00433716
-0.00437687
-0.00441688
-0.00445719
-0.00449779
-0.0045387
-0.0045799
-0.00462142
-0.00466324
-0.00470537
-0.00474781
-0.00479056
-0.00483363
-0.00487702
-0.00492073
-0.00496476
-0.00500912
-0.0050538
-0.00509882
-0.00514416
-0.00518985
-0.00523585
-0.00528222
-0.0053289
-0.00537597
-0.00542333
-0.00547112
-0.00551914
-0.00556768
-0.00561637
-0.00566567
-0.00571504
-0.00576511
-0.00581519
-0.00586599
-0.00591684
-0.00596834
-0.00602005
-0.00607215
-0.00612482
-0.00617747
-0.00623115
-0.00628439
-0.00633898
-0.006393
-0.00644826
-0.00650336
-0.00655905
-0.00661539
-0.00667153
-0.00672893
-0.0067859
-0.00684391
-0.00690214
-0.00696052
-0.00701999
-0.00707909
-0.00713922
-0.00719966
-0.00726004
-0.0073217
-0.00738279
-0.00744468
-0.0075069
-0.00756819
-0.00763047
-0.00769068
-0.00774983
-0.00780759
-0.00785929
-0.00790674
-0.00029373
-0.000229189
-0.000109935
1.0751e-05
8.31411e-05
8.66901e-05
4.00597e-05
-1.53975e-05
-4.66709e-05
-5.02585e-05
-5.01547e-05
-7.57547e-05
-0.000136975
-0.000214995
-0.000275652
-0.000297899
-0.000293525
-0.000297644
-0.000335416
-0.000394368
-0.000437219
-0.000444083
-0.000432199
-0.000435988
-0.000473081
-0.000528544
-0.000573654
-0.000595125
-0.000603767
-0.000621976
-0.000659921
-0.000702117
-0.000725001
-0.00072561
-0.000726801
-0.000754872
-0.000807489
-0.000851737
-0.000867592
-0.000874918
-0.000900168
-0.000938202
-0.000964217
-0.000972481
-0.000987459
-0.00102773
-0.00107373
-0.00109726
-0.00110629
-0.00112664
-0.00115825
-0.00118493
-0.00120848
-0.00124009
-0.00127399
-0.00129775
-0.0013152
-0.00133881
-0.00137034
-0.00140317
-0.00143298
-0.00145828
-0.00148029
-0.00150551
-0.00153833
-0.00157245
-0.00159965
-0.00162294
-0.00165096
-0.00168405
-0.0017156
-0.00174356
-0.00177187
-0.00180284
-0.00183464
-0.0018655
-0.00189607
-0.00192745
-0.00195954
-0.00199183
-0.00202427
-0.0020571
-0.00209033
-0.00212389
-0.0021578
-0.00219219
-0.00222716
-0.00226271
-0.00229872
-0.00233504
-0.00237164
-0.00240863
-0.00244622
-0.00248467
-0.00252403
-0.0025641
-0.00260434
-0.00264401
-0.00268223
-0.00271832
-0.00275196
-0.00278314
-0.00281203
-0.00283917
-0.0028652
-0.00289058
-0.00291579
-0.00294118
-0.00296682
-0.00299284
-0.00301928
-0.00304622
-0.0030738
-0.00310184
-0.00313037
-0.00315931
-0.00318868
-0.00321845
-0.00324861
-0.00327915
-0.00331005
-0.0033413
-0.0033729
-0.00340482
-0.00343706
-0.00346962
-0.00350248
-0.00353564
-0.00356909
-0.00360284
-0.00363688
-0.0036712
-0.0037058
-0.00374069
-0.00377586
-0.00381131
-0.00384704
-0.00388304
-0.00391933
-0.0039559
-0.00399274
-0.00402987
-0.00406728
-0.00410498
-0.00414296
-0.00418122
-0.00421977
-0.00425861
-0.00429774
-0.00433716
-0.00437687
-0.00441688
-0.00445718
-0.00449779
-0.00453869
-0.0045799
-0.00462142
-0.00466324
-0.00470537
-0.00474781
-0.00479056
-0.00483363
-0.00487702
-0.00492073
-0.00496476
-0.00500912
-0.0050538
-0.00509882
-0.00514416
-0.00518985
-0.00523585
-0.00528222
-0.0053289
-0.00537598
-0.00542333
-0.00547112
-0.00551914
-0.00556768
-0.00561637
-0.00566567
-0.00571504
-0.00576511
-0.00581518
-0.005866
-0.00591684
-0.00596834
-0.00602005
-0.00607215
-0.00612482
-0.00617747
-0.00623116
-0.00628438
-0.00633899
-0.00639299
-0.00644827
-0.00650336
-0.00655905
-0.0066154
-0.00667152
-0.00672895
-0.00678589
-0.00684391
-0.00690215
-0.0069605
-0.00702001
-0.00707909
-0.00713922
-0.00719968
-0.00726003
-0.00732172
-0.0073828
-0.00744469
-0.00750694
-0.00756822
-0.00763052
-0.00769074
-0.0077499
-0.00780771
-0.00785944
-0.00790696
-0.000283271
-0.000243373
-0.000146786
-4.01925e-05
2.63668e-05
2.75424e-05
-2.32797e-05
-8.47552e-05
-0.000118487
-0.000115484
-0.000100232
-0.00010911
-0.000158588
-0.000232021
-0.000293754
-0.000318594
-0.000313715
-0.000311339
-0.000339731
-0.000396331
-0.000448374
-0.000467329
-0.000458375
-0.000452898
-0.000477744
-0.000528973
-0.00057769
-0.000603003
-0.000610381
-0.000622795
-0.000657358
-0.000703658
-0.00073489
-0.000740826
-0.000739237
-0.000757799
-0.000803891
-0.000851373
-0.000873551
-0.000880659
-0.000900863
-0.00093816
-0.000970129
-0.000982093
-0.000991234
-0.00102357
-0.00107105
-0.00110183
-0.00111253
-0.00112944
-0.00116038
-0.00118869
-0.00121063
-0.00123915
-0.00127408
-0.00130148
-0.00131982
-0.00134134
-0.00137109
-0.00140352
-0.00143415
-0.0014613
-0.0014842
-0.00150764
-0.00153836
-0.00157321
-0.00160255
-0.001626
-0.00165245
-0.0016849
-0.00171726
-0.00174575
-0.00177364
-0.00180415
-0.001836
-0.00186705
-0.00189759
-0.00192881
-0.0019608
-0.00199299
-0.00202525
-0.00205788
-0.00209103
-0.00212459
-0.00215848
-0.0021927
-0.00222726
-0.00226222
-0.00229764
-0.00233356
-0.00237001
-0.00240693
-0.00244427
-0.00248198
-0.00251999
-0.00255819
-0.0025964
-0.0026343
-0.00267147
-0.00270754
-0.00274218
-0.00277513
-0.00280627
-0.00283571
-0.00286366
-0.00289038
-0.00291641
-0.00294207
-0.00296767
-0.00299354
-0.00301982
-0.0030466
-0.00307389
-0.00310168
-0.00313
-0.00315883
-0.00318814
-0.00321791
-0.0032481
-0.00327869
-0.00330964
-0.00334094
-0.00337258
-0.00340454
-0.00343682
-0.0034694
-0.00350229
-0.00353548
-0.00356895
-0.00360272
-0.00363677
-0.00367111
-0.00370572
-0.00374062
-0.0037758
-0.00381126
-0.00384699
-0.003883
-0.0039193
-0.00395587
-0.00399272
-0.00402985
-0.00406727
-0.00410496
-0.00414294
-0.00418121
-0.00421976
-0.0042586
-0.00429773
-0.00433715
-0.00437686
-0.00441687
-0.00445718
-0.00449779
-0.00453869
-0.0045799
-0.00462141
-0.00466323
-0.00470536
-0.00474781
-0.00479056
-0.00483363
-0.00487702
-0.00492073
-0.00496476
-0.00500912
-0.0050538
-0.00509882
-0.00514416
-0.00518985
-0.00523585
-0.00528222
-0.0053289
-0.00537598
-0.00542333
-0.00547112
-0.00551914
-0.00556768
-0.00561637
-0.00566567
-0.00571504
-0.00576511
-0.00581518
-0.005866
-0.00591684
-0.00596834
-0.00602005
-0.00607215
-0.00612483
-0.00617746
-0.00623116
-0.00628437
-0.00633899
-0.00639299
-0.00644827
-0.00650336
-0.00655904
-0.00661541
-0.00667151
-0.00672896
-0.00678588
-0.00684391
-0.00690216
-0.00696049
-0.00702002
-0.00707908
-0.00713922
-0.0071997
-0.00726003
-0.00732175
-0.00738281
-0.00744471
-0.00750698
-0.00756825
-0.00763057
-0.00769081
-0.00774997
-0.00780782
-0.00785958
-0.00790715
-0.000269609
-0.000259421
-0.000189714
-9.73191e-05
-3.0676e-05
-2.26989e-05
-6.99681e-05
-0.000135548
-0.000177608
-0.000179532
-0.000159285
-0.000153188
-0.000184719
-0.000246489
-0.000308039
-0.00034018
-0.000340258
-0.000333253
-0.000348798
-0.000395571
-0.000450944
-0.000483051
-0.0004842
-0.000476401
-0.000489656
-0.000532487
-0.000582794
-0.000614406
-0.000624092
-0.000630956
-0.000657175
-0.000701931
-0.000739977
-0.000753997
-0.000754072
-0.000765411
-0.000802466
-0.000849586
-0.000878719
-0.000888909
-0.000904512
-0.000937502
-0.000973261
-0.000992593
-0.00100058
-0.00102317
-0.00106646
-0.00110354
-0.00111923
-0.00113344
-0.00116202
-0.00119271
-0.00121522
-0.00123984
-0.00127308
-0.00130388
-0.00132498
-0.00134531
-0.0013729
-0.00140425
-0.00143458
-0.00146306
-0.0014883
-0.00151152
-0.00153923
-0.00157289
-0.00160444
-0.00162952
-0.00165466
-0.00168552
-0.0017183
-0.00174784
-0.00177564
-0.00180542
-0.00183703
-0.00186826
-0.00189878
-0.00192975
-0.00196157
-0.00199372
-0.00202596
-0.00205845
-0.00209134
-0.00212457
-0.00215811
-0.00219203
-0.00222639
-0.00226121
-0.00229643
-0.00233196
-0.00236775
-0.00240382
-0.0024402
-0.00247695
-0.00251407
-0.00255143
-0.00258874
-0.00262565
-0.00266174
-0.00269658
-0.00272993
-0.00276172
-0.00279205
-0.00282112
-0.00284927
-0.00287682
-0.00290408
-0.00293124
-0.00295847
-0.00298591
-0.00301362
-0.00304164
-0.00307001
-0.0030987
-0.00312773
-0.00315709
-0.0031868
-0.00321685
-0.00324724
-0.00327797
-0.00330904
-0.00334043
-0.00337214
-0.00340417
-0.0034365
-0.00346913
-0.00350205
-0.00353527
-0.00356877
-0.00360256
-0.00363664
-0.00367099
-0.00370562
-0.00374053
-0.00377572
-0.00381119
-0.00384693
-0.00388295
-0.00391925
-0.00395583
-0.00399269
-0.00402982
-0.00406724
-0.00410494
-0.00414292
-0.00418119
-0.00421975
-0.00425859
-0.00429772
-0.00433714
-0.00437686
-0.00441687
-0.00445717
-0.00449778
-0.00453869
-0.0045799
-0.00462141
-0.00466323
-0.00470536
-0.0047478
-0.00479056
-0.00483363
-0.00487702
-0.00492073
-0.00496476
-0.00500912
-0.0050538
-0.00509882
-0.00514416
-0.00518985
-0.00523585
-0.00528222
-0.0053289
-0.00537598
-0.00542333
-0.00547112
-0.00551914
-0.00556768
-0.00561637
-0.00566567
-0.00571504
-0.00576511
-0.00581518
-0.005866
-0.00591684
-0.00596834
-0.00602005
-0.00607215
-0.00612483
-0.00617746
-0.00623117
-0.00628437
-0.006339
-0.00639298
-0.00644827
-0.00650336
-0.00655904
-0.00661542
-0.0066715
-0.00672897
-0.00678588
-0.00684391
-0.00690217
-0.00696048
-0.00702004
-0.00707909
-0.00713922
-0.00719972
-0.00726003
-0.00732177
-0.00738284
-0.00744473
-0.00750702
-0.00756829
-0.00763062
-0.00769089
-0.00775004
-0.00780793
-0.0078597
-0.00790731
-0.000248588
-0.000269184
-0.000232978
-0.000160115
-9.34841e-05
-7.14483e-05
-0.000104192
-0.000167284
-0.000220057
-0.000236068
-0.000220415
-0.00020339
-0.000214917
-0.000260741
-0.000319647
-0.00036115
-0.000371193
-0.000364094
-0.000368403
-0.000401544
-0.000453235
-0.000494665
-0.000508418
-0.000504495
-0.000509153
-0.000539413
-0.000585242
-0.000621871
-0.000637669
-0.000643824
-0.000661809
-0.000699678
-0.000740492
-0.000763864
-0.000770475
-0.000778933
-0.00080621
-0.00084797
-0.000881604
-0.000897339
-0.000910839
-0.000937853
-0.00097334
-0.000999838
-0.0010121
-0.00102831
-0.00106351
-0.00110265
-0.00112516
-0.0011396
-0.00116453
-0.00119582
-0.00122049
-0.00124273
-0.00127247
-0.00130463
-0.00132942
-0.00135031
-0.00137592
-0.00140569
-0.00143518
-0.00146403
-0.00149148
-0.00151595
-0.00154142
-0.00157259
-0.00160528
-0.00163282
-0.00165766
-0.00168645
-0.00171874
-0.00174936
-0.00177757
-0.0018067
-0.00183787
-0.00186926
-0.00189993
-0.0019307
-0.00196221
-0.00199416
-0.00202622
-0.0020585
-0.0020912
-0.00212431
-0.00215774
-0.00219145
-0.00222545
-0.00225976
-0.00229437
-0.00232931
-0.00236462
-0.00240026
-0.00243619
-0.00247234
-0.00250859
-0.0025448
-0.00258079
-0.00261642
-0.00265148
-0.00268581
-0.00271928
-0.00275183
-0.00278339
-0.00281398
-0.00284368
-0.00287262
-0.00290097
-0.00292893
-0.00295668
-0.00298442
-0.00301227
-0.00304034
-0.0030687
-0.00309741
-0.00312647
-0.00315591
-0.00318571
-0.00321586
-0.00324637
-0.0032772
-0.00330836
-0.00333984
-0.00337163
-0.00340372
-0.00343611
-0.00346879
-0.00350176
-0.00353501
-0.00356855
-0.00360237
-0.00363647
-0.00367084
-0.00370549
-0.00374042
-0.00377563
-0.00381111
-0.00384686
-0.00388289
-0.0039192
-0.00395578
-0.00399265
-0.00402979
-0.00406721
-0.00410492
-0.0041429
-0.00418117
-0.00421973
-0.00425857
-0.00429771
-0.00433713
-0.00437685
-0.00441686
-0.00445717
-0.00449778
-0.00453868
-0.00457989
-0.00462141
-0.00466323
-0.00470536
-0.0047478
-0.00479056
-0.00483363
-0.00487702
-0.00492073
-0.00496476
-0.00500912
-0.0050538
-0.00509882
-0.00514416
-0.00518985
-0.00523585
-0.00528222
-0.0053289
-0.00537598
-0.00542333
-0.00547112
-0.00551914
-0.00556768
-0.00561637
-0.00566567
-0.00571504
-0.00576511
-0.00581518
-0.005866
-0.00591684
-0.00596834
-0.00602005
-0.00607215
-0.00612483
-0.00617746
-0.00623117
-0.00628437
-0.006339
-0.00639298
-0.00644827
-0.00650337
-0.00655903
-0.00661543
-0.00667149
-0.00672897
-0.00678589
-0.00684391
-0.00690219
-0.00696048
-0.00702005
-0.0070791
-0.00713922
-0.00719974
-0.00726003
-0.00732179
-0.00738287
-0.00744475
-0.00750707
-0.00756833
-0.00763068
-0.00769097
-0.00775012
-0.00780803
-0.00785982
-0.00790745
-0.000223095
-0.000265777
-0.000263632
-0.000218508
-0.000159939
-0.000126224
-0.000139226
-0.000190703
-0.000248002
-0.000278957
-0.000275619
-0.000257442
-0.000254467
-0.000282565
-0.000332294
-0.000377833
-0.000398664
-0.000397387
-0.000396194
-0.000415976
-0.00045749
-0.000500668
-0.000525004
-0.000529578
-0.000532119
-0.000551761
-0.00058958
-0.000627834
-0.000650952
-0.000661131
-0.000674159
-0.000702452
-0.000740036
-0.000769718
-0.00078465
-0.000794459
-0.000814192
-0.000848154
-0.000882986
-0.000905111
-0.000920041
-0.000942167
-0.000973927
-0.0010039
-0.00102257
-0.00103759
-0.00106445
-0.00110062
-0.00112872
-0.00114663
-0.00116867
-0.00119819
-0.00122503
-0.00124741
-0.00127375
-0.00130477
-0.00133243
-0.00135528
-0.00137968
-0.00140773
-0.00143647
-0.00146516
-0.00149369
-0.0015198
-0.00154465
-0.00157327
-0.00160538
-0.00163495
-0.0016608
-0.00168821
-0.00171932
-0.00175049
-0.00177945
-0.00180823
-0.00183869
-0.00186994
-0.00190076
-0.00193148
-0.00196277
-0.00199461
-0.00202663
-0.00205879
-0.00209123
-0.002124
-0.00215705
-0.00219039
-0.00222407
-0.0022581
-0.00229246
-0.00232709
-0.00236195
-0.00239699
-0.00243219
-0.00246752
-0.00250292
-0.00253834
-0.00257364
-0.00260866
-0.00264321
-0.00267711
-0.0027102
-0.00274239
-0.00277368
-0.00280415
-0.00283393
-0.0028632
-0.00289213
-0.00292085
-0.0029495
-0.00297818
-0.00300697
-0.00303591
-0.00306504
-0.0030944
-0.00312401
-0.00315387
-0.00318402
-0.00321445
-0.00324517
-0.00327619
-0.0033075
-0.0033391
-0.00337099
-0.00340317
-0.00343563
-0.00346837
-0.0035014
-0.0035347
-0.00356828
-0.00360213
-0.00363626
-0.00367066
-0.00370534
-0.00374029
-0.00377551
-0.00381101
-0.00384677
-0.00388282
-0.00391913
-0.00395573
-0.0039926
-0.00402975
-0.00406718
-0.00410488
-0.00414288
-0.00418115
-0.00421971
-0.00425856
-0.00429769
-0.00433712
-0.00437684
-0.00441685
-0.00445716
-0.00449777
-0.00453868
-0.00457989
-0.0046214
-0.00466323
-0.00470536
-0.0047478
-0.00479056
-0.00483363
-0.00487702
-0.00492073
-0.00496476
-0.00500912
-0.0050538
-0.00509882
-0.00514416
-0.00518985
-0.00523585
-0.00528222
-0.0053289
-0.00537597
-0.00542333
-0.00547112
-0.00551914
-0.00556768
-0.00561637
-0.00566567
-0.00571504
-0.00576511
-0.00581518
-0.005866
-0.00591684
-0.00596834
-0.00602005
-0.00607214
-0.00612483
-0.00617746
-0.00623117
-0.00628436
-0.006339
-0.00639298
-0.00644827
-0.00650337
-0.00655903
-0.00661544
-0.00667149
-0.00672898
-0.00678589
-0.0068439
-0.0069022
-0.00696048
-0.00702005
-0.00707911
-0.00713922
-0.00719976
-0.00726005
-0.00732181
-0.0073829
-0.00744477
-0.00750711
-0.00756839
-0.00763073
-0.00769104
-0.0077502
-0.00780812
-0.00785993
-0.00790758
-0.000203055
-0.00025163
-0.000275617
-0.000261565
-0.000222326
-0.000187705
-0.000184263
-0.000217103
-0.000267279
-0.000306438
-0.00031788
-0.000308084
-0.000299801
-0.000312928
-0.000348907
-0.000391058
-0.000419178
-0.000427368
-0.000427971
-0.000439153
-0.00046879
-0.000507368
-0.000537599
-0.000551704
-0.000557666
-0.000570922
-0.000598997
-0.000633668
-0.00066121
-0.000677134
-0.000689459
-0.00071036
-0.000742197
-0.000774043
-0.000795665
-0.000809212
-0.0008256
-0.000852626
-0.000885124
-0.000911223
-0.000929366
-0.000949145
-0.000976403
-0.00100626
-0.00103005
-0.0010476
-0.00106939
-0.00110035
-0.00113072
-0.00115301
-0.00117414
-0.0012009
-0.0012286
-0.00125261
-0.00127712
-0.00130577
-0.0013345
-0.00135955
-0.00138373
-0.00141032
-0.0014384
-0.00146674
-0.0014953
-0.00152265
-0.00154831
-0.00157547
-0.00160594
-0.00163625
-0.0016636
-0.0016906
-0.00172031
-0.0017513
-0.00178103
-0.00181001
-0.00183999
-0.00187097
-0.00190189
-0.00193258
-0.0019636
-0.00199512
-0.00202691
-0.00205888
-0.00209113
-0.00212374
-0.00215665
-0.00218981
-0.00222321
-0.00225683
-0.00229065
-0.00232467
-0.00235889
-0.0023933
-0.00242787
-0.00246253
-0.00249723
-0.00253187
-0.00256633
-0.0026005
-0.00263429
-0.00266761
-0.00270038
-0.00273259
-0.00276424
-0.00279536
-0.00282597
-0.00285615
-0.00288597
-0.00291551
-0.00294487
-0.00297415
-0.00300343
-0.00303279
-0.00306228
-0.00309196
-0.00312184
-0.00315197
-0.00318234
-0.00321298
-0.00324389
-0.00327507
-0.00330652
-0.00333825
-0.00337025
-0.00340252
-0.00343506
-0.00346788
-0.00350097
-0.00353433
-0.00356795
-0.00360185
-0.00363602
-0.00367045
-0.00370515
-0.00374013
-0.00377537
-0.00381088
-0.00384667
-0.00388273
-0.00391906
-0.00395566
-0.00399254
-0.0040297
-0.00406713
-0.00410485
-0.00414284
-0.00418112
-0.00421969
-0.00425854
-0.00429768
-0.0043371
-0.00437683
-0.00441684
-0.00445715
-0.00449776
-0.00453867
-0.00457988
-0.0046214
-0.00466322
-0.00470535
-0.0047478
-0.00479055
-0.00483363
-0.00487702
-0.00492073
-0.00496476
-0.00500912
-0.0050538
-0.00509882
-0.00514416
-0.00518984
-0.00523585
-0.00528222
-0.0053289
-0.00537597
-0.00542333
-0.00547112
-0.00551914
-0.00556768
-0.00561637
-0.00566567
-0.00571504
-0.00576511
-0.00581518
-0.005866
-0.00591684
-0.00596834
-0.00602005
-0.00607214
-0.00612483
-0.00617746
-0.00623117
-0.00628436
-0.006339
-0.00639299
-0.00644826
-0.00650338
-0.00655902
-0.00661544
-0.00667149
-0.00672898
-0.0067859
-0.0068439
-0.00690221
-0.00696048
-0.00702006
-0.00707912
-0.00713923
-0.00719978
-0.00726006
-0.00732183
-0.00738294
-0.00744481
-0.00750716
-0.00756845
-0.00763079
-0.00769112
-0.00775029
-0.00780821
-0.00786003
-0.00790769
-0.000202956
-0.00024178
-0.000276509
-0.000287478
-0.00027238
-0.000247664
-0.000235952
-0.000250384
-0.000285947
-0.000324117
-0.000346825
-0.000349861
-0.000345139
-0.000349721
-0.000371816
-0.000405176
-0.000435457
-0.000452767
-0.000459631
-0.000467764
-0.000487389
-0.000517727
-0.000548032
-0.000568692
-0.000580218
-0.000592003
-0.000612951
-0.000642183
-0.000670557
-0.000691078
-0.000705784
-0.000723363
-0.000749331
-0.000779025
-0.000803777
-0.000821512
-0.0008382
-0.000860886
-0.000889469
-0.00091657
-0.000937875
-0.000957685
-0.000981707
-0.00100953
-0.00103554
-0.00105643
-0.00107694
-0.00110338
-0.00113279
-0.00115799
-0.00117999
-0.00120466
-0.00123177
-0.00125719
-0.00128148
-0.00130814
-0.00133645
-0.00136302
-0.00138788
-0.00141374
-0.00144118
-0.00146908
-0.00149711
-0.00152489
-0.00155163
-0.00157847
-0.00160739
-0.00163744
-0.00166607
-0.0016936
-0.00172239
-0.00175267
-0.0017827
-0.00181196
-0.00184157
-0.00187205
-0.00190285
-0.00193358
-0.00196449
-0.00199582
-0.00202745
-0.00205925
-0.00209123
-0.00212344
-0.00215588
-0.00218854
-0.00222143
-0.00225457
-0.00228794
-0.00232154
-0.00235533
-0.00238926
-0.00242329
-0.00245738
-0.00249147
-0.00252551
-0.00255943
-0.00259315
-0.0026266
-0.00265971
-0.00269241
-0.00272466
-0.00275644
-0.00278775
-0.00281864
-0.00284915
-0.00287937
-0.00290938
-0.00293925
-0.00296907
-0.00299889
-0.00302878
-0.00305876
-0.00308888
-0.00311917
-0.00314964
-0.00318033
-0.00321123
-0.00324237
-0.00327375
-0.00330537
-0.00333725
-0.00336938
-0.00340176
-0.0034344
-0.0034673
-0.00350047
-0.00353389
-0.00356757
-0.00360152
-0.00363573
-0.0036702
-0.00370494
-0.00373994
-0.00377521
-0.00381074
-0.00384654
-0.00388262
-0.00391896
-0.00395558
-0.00399247
-0.00402964
-0.00406708
-0.0041048
-0.00414281
-0.00418109
-0.00421966
-0.00425851
-0.00429766
-0.00433709
-0.00437681
-0.00441683
-0.00445714
-0.00449775
-0.00453866
-0.00457988
-0.00462139
-0.00466322
-0.00470535
-0.00474779
-0.00479055
-0.00483362
-0.00487701
-0.00492072
-0.00496476
-0.00500911
-0.0050538
-0.00509881
-0.00514416
-0.00518984
-0.00523585
-0.00528222
-0.0053289
-0.00537597
-0.00542333
-0.00547112
-0.00551914
-0.00556768
-0.00561637
-0.00566567
-0.00571504
-0.00576511
-0.00581518
-0.005866
-0.00591684
-0.00596834
-0.00602005
-0.00607214
-0.00612484
-0.00617746
-0.00623117
-0.00628437
-0.006339
-0.00639299
-0.00644826
-0.00650338
-0.00655902
-0.00661544
-0.00667149
-0.00672898
-0.0067859
-0.0068439
-0.00690222
-0.00696048
-0.00702007
-0.00707914
-0.00713924
-0.0071998
-0.00726008
-0.00732185
-0.00738297
-0.00744484
-0.00750721
-0.00756851
-0.00763085
-0.0076912
-0.00775037
-0.0078083
-0.00786013
-0.0079078
-0.000224885
-0.000247909
-0.000278792
-0.000301025
-0.000305129
-0.000295104
-0.000285216
-0.000289322
-0.000311154
-0.000342142
-0.000368483
-0.000381564
-0.000384108
-0.000387096
-0.000400242
-0.000424527
-0.000452188
-0.00047371
-0.000486275
-0.000495621
-0.000510127
-0.000533144
-0.000560118
-0.000583433
-0.000599994
-0.000613674
-0.000631042
-0.000654604
-0.000680371
-0.000702801
-0.000720831
-0.000738498
-0.000760261
-0.000785871
-0.000810911
-0.000832228
-0.000851141
-0.00087174
-0.000896284
-0.000922203
-0.000945575
-0.000966683
-0.000989095
-0.00101443
-0.00104029
-0.00106347
-0.00108489
-0.00110879
-0.00113588
-0.00116206
-0.00118565
-0.00120966
-0.00123568
-0.00126156
-0.00128633
-0.00131192
-0.00133914
-0.00136609
-0.00139175
-0.00141758
-0.00144459
-0.00147211
-0.00149973
-0.00152753
-0.001555
-0.00158209
-0.00161001
-0.00163916
-0.00166815
-0.00169627
-0.00172466
-0.0017542
-0.00178416
-0.00181374
-0.0018433
-0.00187341
-0.00190393
-0.0019345
-0.00196514
-0.00199606
-0.00202729
-0.00205875
-0.00209044
-0.0021224
-0.00215463
-0.00218712
-0.00221982
-0.00225272
-0.00228579
-0.00231901
-0.00235235
-0.00238578
-0.00241929
-0.00245284
-0.00248638
-0.00251987
-0.00255326
-0.00258649
-0.0026195
-0.00265225
-0.0026847
-0.00271683
-0.00274863
-0.00278011
-0.00281129
-0.00284222
-0.00287293
-0.00290347
-0.00293389
-0.00296424
-0.00299456
-0.00302491
-0.00305532
-0.00308583
-0.00311647
-0.00314726
-0.00317823
-0.00320938
-0.00324075
-0.00327232
-0.00330412
-0.00333615
-0.00336842
-0.00340092
-0.00343367
-0.00346666
-0.00349991
-0.0035334
-0.00356715
-0.00360115
-0.0036354
-0.00366992
-0.00370469
-0.00373973
-0.00377502
-0.00381058
-0.00384641
-0.0038825
-0.00391886
-0.00395549
-0.00399239
-0.00402957
-0.00406702
-0.00410475
-0.00414276
-0.00418105
-0.00421963
-0.00425849
-0.00429763
-0.00433707
-0.0043768
-0.00441681
-0.00445713
-0.00449774
-0.00453866
-0.00457987
-0.00462139
-0.00466321
-0.00470535
-0.00474779
-0.00479055
-0.00483362
-0.00487701
-0.00492072
-0.00496475
-0.00500911
-0.0050538
-0.00509881
-0.00514416
-0.00518984
-0.00523585
-0.00528222
-0.0053289
-0.00537597
-0.00542333
-0.00547112
-0.00551914
-0.00556768
-0.00561637
-0.00566567
-0.00571504
-0.00576511
-0.00581518
-0.005866
-0.00591684
-0.00596834
-0.00602005
-0.00607214
-0.00612484
-0.00617746
-0.00623117
-0.00628437
-0.006339
-0.00639299
-0.00644826
-0.00650338
-0.00655902
-0.00661545
-0.0066715
-0.00672898
-0.00678591
-0.0068439
-0.00690222
-0.00696049
-0.00702007
-0.00707915
-0.00713925
-0.00719982
-0.00726011
-0.00732187
-0.00738301
-0.00744488
-0.00750726
-0.00756857
-0.00763092
-0.00769127
-0.00775045
-0.00780837
-0.00786021
-0.00790789
-0.000258643
-0.000269074
-0.000290212
-0.000312481
-0.000326574
-0.000329776
-0.000327718
-0.000329932
-0.000342582
-0.000364206
-0.000387438
-0.00040486
-0.000414471
-0.000420851
-0.00043097
-0.000448352
-0.00047055
-0.000491799
-0.000508272
-0.000521117
-0.000534865
-0.000553142
-0.000575354
-0.000597628
-0.000616783
-0.000633037
-0.000649544
-0.000669236
-0.000691822
-0.000714471
-0.000734935
-0.00075362
-0.000773227
-0.000795668
-0.000819532
-0.000842021
-0.000862459
-0.000882758
-0.000905086
-0.000929256
-0.000952996
-0.000975213
-0.000997366
-0.00102105
-0.00104579
-0.00106979
-0.00109247
-0.00111562
-0.00114073
-0.00116647
-0.00119106
-0.00121522
-0.00124037
-0.00126604
-0.00129131
-0.00131673
-0.00134307
-0.0013697
-0.00139584
-0.00142189
-0.00144851
-0.00147553
-0.00150274
-0.00153029
-0.00155797
-0.00158537
-0.00161298
-0.00164144
-0.00167031
-0.00169879
-0.00172713
-0.00175607
-0.00178557
-0.00181507
-0.00184452
-0.00187431
-0.00190453
-0.001935
-0.00196563
-0.00199651
-0.00202767
-0.00205908
-0.00209066
-0.00212241
-0.00215434
-0.00218644
-0.00221869
-0.0022511
-0.00228366
-0.00231636
-0.00234919
-0.00238212
-0.00241513
-0.00244819
-0.00248125
-0.00251429
-0.00254727
-0.00258013
-0.00261285
-0.0026454
-0.00267773
-0.00270984
-0.00274172
-0.00277336
-0.00280477
-0.00283599
-0.00286702
-0.00289793
-0.00292873
-0.00295947
-0.00299019
-0.00302093
-0.00305172
-0.00308259
-0.00311357
-0.00314467
-0.00317592
-0.00320734
-0.00323893
-0.00327072
-0.0033027
-0.0033349
-0.00336732
-0.00339995
-0.00343282
-0.00346592
-0.00349925
-0.00353283
-0.00356664
-0.00360071
-0.00363502
-0.00366958
-0.0037044
-0.00373947
-0.0037748
-0.00381039
-0.00384624
-0.00388235
-0.00391873
-0.00395538
-0.0039923
-0.00402949
-0.00406695
-0.00410469
-0.00414271
-0.00418101
-0.00421959
-0.00425845
-0.00429761
-0.00433705
-0.00437678
-0.0044168
-0.00445712
-0.00449773
-0.00453865
-0.00457986
-0.00462138
-0.00466321
-0.00470534
-0.00474779
-0.00479054
-0.00483362
-0.00487701
-0.00492072
-0.00496475
-0.00500911
-0.00505379
-0.00509881
-0.00514415
-0.00518984
-0.00523585
-0.00528222
-0.0053289
-0.00537597
-0.00542332
-0.00547112
-0.00551914
-0.00556768
-0.00561637
-0.00566567
-0.00571504
-0.00576511
-0.00581518
-0.005866
-0.00591684
-0.00596834
-0.00602005
-0.00607214
-0.00612484
-0.00617746
-0.00623117
-0.00628437
-0.006339
-0.00639299
-0.00644826
-0.00650338
-0.00655902
-0.00661545
-0.0066715
-0.00672898
-0.00678592
-0.00684391
-0.00690223
-0.0069605
-0.00702008
-0.00707916
-0.00713926
-0.00719984
-0.00726013
-0.0073219
-0.00738305
-0.00744492
-0.0075073
-0.00756863
-0.00763098
-0.00769134
-0.00775052
-0.00780845
-0.00786029
-0.00790798
-0.000292683
-0.000297698
-0.000310826
-0.000328525
-0.000344756
-0.00035531
-0.00036059
-0.00036507
-0.000373865
-0.000388897
-0.000407691
-0.000425564
-0.000439304
-0.000449508
-0.000459778
-0.000473513
-0.000491247
-0.000510568
-0.00052838
-0.000543574
-0.000557772
-0.000573646
-0.000592491
-0.000613029
-0.000632686
-0.000650261
-0.000667073
-0.000685411
-0.000706064
-0.000727563
-0.000747928
-0.000766938
-0.00078624
-0.00080727
-0.000829652
-0.000851835
-0.00087288
-0.000893433
-0.000914938
-0.00093779
-0.000960892
-0.000983373
-0.00100567
-0.00102859
-0.00105228
-0.00107614
-0.00109953
-0.00112278
-0.00114688
-0.00117182
-0.00119662
-0.001221
-0.00124567
-0.00127091
-0.00129632
-0.00132169
-0.00134735
-0.00137346
-0.00139976
-0.00142604
-0.00145243
-0.00147908
-0.00150607
-0.00153339
-0.00156088
-0.0015883
-0.00161578
-0.00164375
-0.00167223
-0.00170077
-0.00172926
-0.00175806
-0.00178735
-0.00181688
-0.00184648
-0.00187625
-0.00190631
-0.0019366
-0.00196703
-0.00199761
-0.00202839
-0.00205937
-0.00209054
-0.0021219
-0.00215345
-0.00218521
-0.00221715
-0.00224926
-0.00228153
-0.00231392
-0.00234643
-0.00237902
-0.00241167
-0.00244436
-0.00247705
-0.00250973
-0.00254236
-0.00257491
-0.00260736
-0.00263969
-0.00267187
-0.0027039
-0.00273577
-0.00276748
-0.00279903
-0.00283045
-0.00286174
-0.00289294
-0.00292407
-0.00295515
-0.00298622
-0.00301731
-0.00304843
-0.00307961
-0.00311088
-0.00314226
-0.00317377
-0.00320542
-0.00323723
-0.00326921
-0.00330137
-0.00333372
-0.00336628
-0.00339904
-0.00343202
-0.00346521
-0.00349863
-0.00353229
-0.00356617
-0.0036003
-0.00363466
-0.00366927
-0.00370413
-0.00373923
-0.0037746
-0.00381021
-0.00384609
-0.00388222
-0.00391862
-0.00395528
-0.00399222
-0.00402942
-0.00406689
-0.00410464
-0.00414267
-0.00418097
-0.00421956
-0.00425843
-0.00429758
-0.00433703
-0.00437676
-0.00441678
-0.0044571
-0.00449772
-0.00453864
-0.00457985
-0.00462138
-0.0046632
-0.00470534
-0.00474778
-0.00479054
-0.00483362
-0.00487701
-0.00492072
-0.00496475
-0.00500911
-0.00505379
-0.00509881
-0.00514415
-0.00518984
-0.00523585
-0.00528222
-0.0053289
-0.00537597
-0.00542332
-0.00547112
-0.00551914
-0.00556768
-0.00561637
-0.00566567
-0.00571504
-0.00576511
-0.00581518
-0.005866
-0.00591684
-0.00596834
-0.00602005
-0.00607214
-0.00612484
-0.00617746
-0.00623117
-0.00628437
-0.006339
-0.00639299
-0.00644826
-0.00650338
-0.00655903
-0.00661545
-0.0066715
-0.00672898
-0.00678592
-0.00684391
-0.00690223
-0.00696051
-0.00702009
-0.00707918
-0.00713928
-0.00719985
-0.00726016
-0.00732193
-0.00738308
-0.00744497
-0.00750735
-0.00756868
-0.00763104
-0.0076914
-0.00775059
-0.00780852
-0.00786035
-0.00790805
-0.000321768
-0.000326237
-0.000335308
-0.00034863
-0.000363348
-0.000376276
-0.000386089
-0.000394052
-0.000402912
-0.000414798
-0.000429689
-0.00044564
-0.000460412
-0.000473166
-0.000484965
-0.000497795
-0.000512916
-0.000529882
-0.000547066
-0.000563182
-0.000578377
-0.000593959
-0.00061103
-0.000629436
-0.000648124
-0.000666256
-0.000683874
-0.000701746
-0.000720571
-0.00074031
-0.000760358
-0.000780179
-0.000799775
-0.000819707
-0.000840449
-0.000861758
-0.000883029
-0.000904036
-0.000925109
-0.000946795
-0.000969237
-0.000991888
-0.00101421
-0.0010365
-0.00105943
-0.00108299
-0.00110653
-0.0011298
-0.00115335
-0.00117757
-0.00120207
-0.00122643
-0.00125091
-0.00127588
-0.00130113
-0.00132631
-0.00135159
-0.00137737
-0.00140352
-0.00142967
-0.00145583
-0.00148228
-0.00150912
-0.00153623
-0.00156354
-0.001591
-0.00161861
-0.00164649
-0.00167472
-0.00170316
-0.00173167
-0.00176032
-0.00178925
-0.00181844
-0.00184778
-0.00187726
-0.00190698
-0.00193694
-0.00196712
-0.0019975
-0.00202809
-0.0020589
-0.00208991
-0.00212111
-0.00215247
-0.002184
-0.00221568
-0.00224748
-0.00227941
-0.00231145
-0.00234359
-0.0023758
-0.00240807
-0.00244039
-0.00247273
-0.00250507
-0.00253739
-0.00256968
-0.00260192
-0.00263408
-0.00266616
-0.00269814
-0.00273001
-0.00276179
-0.00279346
-0.00282505
-0.00285655
-0.00288799
-0.00291939
-0.00295076
-0.00298212
-0.0030135
-0.00304492
-0.00307639
-0.00310794
-0.00313959
-0.00317135
-0.00320324
-0.00323526
-0.00326745
-0.00329979
-0.00333232
-0.00336502
-0.00339793
-0.00343103
-0.00346434
-0.00349786
-0.0035316
-0.00356557
-0.00359977
-0.0036342
-0.00366886
-0.00370377
-0.00373892
-0.00377432
-0.00380997
-0.00384588
-0.00388204
-0.00391846
-0.00395515
-0.0039921
-0.00402932
-0.00406681
-0.00410457
-0.0041426
-0.00418092
-0.00421951
-0.00425839
-0.00429755
-0.004337
-0.00437673
-0.00441676
-0.00445709
-0.00449771
-0.00453862
-0.00457984
-0.00462137
-0.00466319
-0.00470533
-0.00474778
-0.00479054
-0.00483361
-0.004877
-0.00492072
-0.00496475
-0.00500911
-0.00505379
-0.00509881
-0.00514415
-0.00518984
-0.00523585
-0.00528222
-0.0053289
-0.00537597
-0.00542332
-0.00547112
-0.00551914
-0.00556768
-0.00561637
-0.00566567
-0.00571504
-0.00576511
-0.00581518
-0.005866
-0.00591684
-0.00596834
-0.00602005
-0.00607214
-0.00612484
-0.00617746
-0.00623117
-0.00628437
-0.006339
-0.00639299
-0.00644826
-0.00650339
-0.00655903
-0.00661545
-0.00667151
-0.00672899
-0.00678592
-0.00684392
-0.00690224
-0.00696052
-0.0070201
-0.00707919
-0.00713929
-0.00719987
-0.00726018
-0.00732196
-0.00738312
-0.00744501
-0.0075074
-0.00756874
-0.0076311
-0.00769146
-0.00775065
-0.00780858
-0.00786041
-0.00790811
-0.000345875
-0.000351941
-0.000359835
-0.000370334
-0.000382735
-0.000395463
-0.000407173
-0.000417619
-0.000427715
-0.000438778
-0.000451549
-0.000465688
-0.000480118
-0.000493892
-0.000506937
-0.000520037
-0.000534107
-0.000549445
-0.000565565
-0.000581703
-0.000597481
-0.000613156
-0.000629313
-0.00064635
-0.00066412
-0.000682077
-0.000699847
-0.000717599
-0.000735823
-0.000754779
-0.000774217
-0.000793679
-0.000813048
-0.00083265
-0.000852812
-0.000873484
-0.000894342
-0.000915177
-0.000936162
-0.000957615
-0.000979497
-0.00100147
-0.00102347
-0.00104576
-0.00106847
-0.00109147
-0.00111461
-0.00113786
-0.00116132
-0.00118507
-0.00120909
-0.00123333
-0.00125781
-0.00128252
-0.00130736
-0.00133235
-0.00135766
-0.00138333
-0.00140919
-0.00143515
-0.00146132
-0.00148778
-0.00151447
-0.00154132
-0.0015684
-0.0015957
-0.00162318
-0.00165081
-0.00167868
-0.00170683
-0.00173517
-0.00176367
-0.00179241
-0.00182141
-0.00185063
-0.00188004
-0.00190965
-0.00193948
-0.00196951
-0.00199972
-0.0020301
-0.00206067
-0.0020914
-0.0021223
-0.00215335
-0.00218456
-0.00221591
-0.0022474
-0.00227901
-0.00231073
-0.00234255
-0.00237446
-0.00240642
-0.00243844
-0.00247048
-0.00250254
-0.0025346
-0.00256664
-0.00259866
-0.00263064
-0.00266257
-0.00269444
-0.00272625
-0.00275801
-0.0027897
-0.00282135
-0.00285295
-0.00288452
-0.00291606
-0.0029476
-0.00297915
-0.00301073
-0.00304234
-0.00307402
-0.00310576
-0.0031376
-0.00316954
-0.0032016
-0.00323379
-0.00326612
-0.00329861
-0.00333126
-0.00336408
-0.00339709
-0.00343029
-0.00346369
-0.00349729
-0.0035311
-0.00356513
-0.00359938
-0.00363386
-0.00366857
-0.00370352
-0.0037387
-0.00377413
-0.00380981
-0.00384574
-0.00388192
-0.00391836
-0.00395506
-0.00399202
-0.00402925
-0.00406675
-0.00410452
-0.00414256
-0.00418088
-0.00421948
-0.00425836
-0.00429753
-0.00433698
-0.00437672
-0.00441675
-0.00445708
-0.0044977
-0.00453862
-0.00457984
-0.00462136
-0.00466319
-0.00470533
-0.00474778
-0.00479054
-0.00483361
-0.004877
-0.00492071
-0.00496475
-0.00500911
-0.00505379
-0.00509881
-0.00514415
-0.00518984
-0.00523585
-0.00528222
-0.0053289
-0.00537597
-0.00542332
-0.00547112
-0.00551914
-0.00556768
-0.00561637
-0.00566567
-0.00571504
-0.00576511
-0.00581518
-0.005866
-0.00591684
-0.00596834
-0.00602005
-0.00607214
-0.00612484
-0.00617746
-0.00623117
-0.00628437
-0.006339
-0.006393
-0.00644827
-0.00650339
-0.00655903
-0.00661545
-0.00667151
-0.00672899
-0.00678593
-0.00684392
-0.00690225
-0.00696053
-0.00702011
-0.00707921
-0.00713931
-0.00719989
-0.00726021
-0.00732198
-0.00738315
-0.00744505
-0.00750744
-0.00756878
-0.00763115
-0.00769152
-0.00775071
-0.00780863
-0.00786047
-0.00790817
-0.000362561
-0.000370599
-0.000379016
-0.00038851
-0.000399241
-0.000410804
-0.000422559
-0.000434066
-0.000445353
-0.00045683
-0.000468943
-0.000481842
-0.000495298
-0.000508917
-0.000522468
-0.000536045
-0.000549969
-0.000564514
-0.000579689
-0.000595253
-0.000610934
-0.000626671
-0.00064265
-0.000659112
-0.00067611
-0.000693489
-0.000711055
-0.000728748
-0.000746674
-0.00076498
-0.000783705
-0.000802765
-0.000822039
-0.000841485
-0.000861182
-0.00088124
-0.00090166
-0.000922349
-0.000943213
-0.000964238
-0.000985521
-0.00100717
-0.00102915
-0.0010513
-0.0010736
-0.0010962
-0.00111912
-0.00114224
-0.0011655
-0.001189
-0.00121286
-0.001237
-0.00126126
-0.00128567
-0.00131036
-0.00133538
-0.0013606
-0.00138595
-0.00141151
-0.00143736
-0.00146346
-0.00148973
-0.00151618
-0.00154286
-0.00156981
-0.00159699
-0.00162437
-0.00165194
-0.00167974
-0.00170779
-0.00173605
-0.00176449
-0.00179314
-0.00182199
-0.00185106
-0.00188032
-0.00190976
-0.0019394
-0.00196924
-0.00199927
-0.00202948
-0.00205987
-0.00209044
-0.00212117
-0.00215207
-0.00218312
-0.00221431
-0.00224563
-0.00227706
-0.0023086
-0.00234022
-0.0023719
-0.00240364
-0.00243543
-0.00246726
-0.00249912
-0.002531
-0.00256289
-0.00259478
-0.00262666
-0.00265852
-0.00269036
-0.00272218
-0.00275397
-0.00278573
-0.00281747
-0.00284919
-0.0028809
-0.0029126
-0.00294432
-0.00297605
-0.00300782
-0.00303963
-0.0030715
-0.00310344
-0.00313546
-0.00316759
-0.00319982
-0.00323217
-0.00326466
-0.00329729
-0.00333007
-0.00336302
-0.00339614
-0.00342944
-0.00346293
-0.00349661
-0.0035305
-0.0035646
-0.00359891
-0.00363345
-0.00366821
-0.0037032
-0.00373842
-0.00377389
-0.0038096
-0.00384555
-0.00388176
-0.00391822
-0.00395494
-0.00399192
-0.00402916
-0.00406667
-0.00410445
-0.00414251
-0.00418083
-0.00421944
-0.00425833
-0.0042975
-0.00433695
-0.0043767
-0.00441673
-0.00445706
-0.00449768
-0.00453861
-0.00457983
-0.00462135
-0.00466318
-0.00470532
-0.00474777
-0.00479053
-0.00483361
-0.004877
-0.00492071
-0.00496475
-0.00500911
-0.00505379
-0.00509881
-0.00514415
-0.00518984
-0.00523585
-0.00528222
-0.0053289
-0.00537597
-0.00542332
-0.00547112
-0.00551914
-0.00556768
-0.00561637
-0.00566567
-0.00571504
-0.00576511
-0.00581518
-0.005866
-0.00591684
-0.00596834
-0.00602005
-0.00607214
-0.00612484
-0.00617746
-0.00623117
-0.00628437
-0.006339
-0.006393
-0.00644827
-0.00650339
-0.00655903
-0.00661546
-0.00667151
-0.00672899
-0.00678593
-0.00684393
-0.00690225
-0.00696054
-0.00702012
-0.00707922
-0.00713932
-0.00719991
-0.00726023
-0.00732201
-0.00738318
-0.00744508
-0.00750747
-0.00756882
-0.00763119
-0.00769156
-0.00775075
-0.00780867
-0.0078605
-0.00790821
-0.000381155
-0.000390317
-0.000399685
-0.000409553
-0.000420085
-0.000431234
-0.000442784
-0.000454495
-0.000466245
-0.000478086
-0.000490184
-0.000502686
-0.000515625
-0.000528913
-0.000542435
-0.00055615
-0.000570126
-0.000584473
-0.000599249
-0.000614409
-0.000629852
-0.00064551
-0.000661399
-0.000677592
-0.000694154
-0.000711081
-0.000728309
-0.000745775
-0.000763483
-0.000781489
-0.000799838
-0.000818513
-0.00083745
-0.000856619
-0.000876051
-0.000895789
-0.000915831
-0.000936132
-0.000956653
-0.000977424
-0.000998501
-0.00101988
-0.00104148
-0.00106329
-0.00108535
-0.00110769
-0.00113028
-0.0011531
-0.00117616
-0.00119949
-0.00122304
-0.00124679
-0.00127076
-0.00129501
-0.00131954
-0.00134427
-0.00136916
-0.00139429
-0.00141971
-0.00144539
-0.00147125
-0.00149731
-0.00152361
-0.00155016
-0.00157692
-0.00160389
-0.00163106
-0.00165845
-0.00168605
-0.00171385
-0.00174187
-0.0017701
-0.00179853
-0.00182716
-0.00185601
-0.00188505
-0.0019143
-0.00194374
-0.00197337
-0.00200319
-0.00203319
-0.00206336
-0.0020937
-0.0021242
-0.00215485
-0.00218564
-0.00221658
-0.00224765
-0.00227885
-0.00231016
-0.00234156
-0.002373
-0.00240446
-0.00243594
-0.00246745
-0.00249901
-0.00253061
-0.00256223
-0.00259386
-0.00262551
-0.00265716
-0.00268883
-0.0027205
-0.00275217
-0.00278384
-0.00281553
-0.00284722
-0.00287893
-0.00291066
-0.00294241
-0.00297421
-0.00300605
-0.00303794
-0.0030699
-0.00310194
-0.00313406
-0.00316628
-0.00319861
-0.00323106
-0.00326365
-0.00329637
-0.00332924
-0.00336227
-0.00339546
-0.00342884
-0.00346239
-0.00349614
-0.00353008
-0.00356423
-0.00359859
-0.00363317
-0.00366796
-0.00370298
-0.00373824
-0.00377373
-0.00380946
-0.00384544
-0.00388166
-0.00391814
-0.00395487
-0.00399186
-0.00402911
-0.00406663
-0.00410442
-0.00414248
-0.00418081
-0.00421942
-0.00425831
-0.00429749
-0.00433694
-0.00437669
-0.00441673
-0.00445706
-0.00449768
-0.0045386
-0.00457983
-0.00462135
-0.00466318
-0.00470532
-0.00474777
-0.00479053
-0.00483361
-0.004877
-0.00492071
-0.00496475
-0.00500911
-0.00505379
-0.00509881
-0.00514415
-0.00518984
-0.00523585
-0.00528222
-0.0053289
-0.00537597
-0.00542332
-0.00547112
-0.00551914
-0.00556768
-0.00561637
-0.00566567
-0.00571504
-0.00576511
-0.00581518
-0.005866
-0.00591684
-0.00596834
-0.00602005
-0.00607214
-0.00612484
-0.00617746
-0.00623118
-0.00628437
-0.006339
-0.006393
-0.00644827
-0.00650339
-0.00655903
-0.00661546
-0.00667151
-0.006729
-0.00678594
-0.00684393
-0.00690226
-0.00696054
-0.00702013
-0.00707923
-0.00713934
-0.00719993
-0.00726025
-0.00732203
-0.00738321
-0.00744511
-0.00750751
-0.00756886
-0.00763124
-0.0076916
-0.00775079
-0.00780871
-0.00786054
-0.00790825
)
;

boundaryField
{
    zeroGradient_plane
    {
        type            zeroGradient;
    }
    inlet
    {
        type            zeroGradient;
    }
    plate
    {
        type            zeroGradient;
    }
    frontAndBack
    {
        type            empty;
    }
}


// ************************************************************************* //
