/*--------------------------------*- C++ -*----------------------------------*\
| =========                 |                                                 |
| \\      /  F ield         | OpenFOAM: The Open Source CFD Toolbox           |
|  \\    /   O peration     | Version:  v1906                                 |
|   \\  /    A nd           | Web:      www.OpenFOAM.com                      |
|    \\/     M anipulation  |                                                 |
\*---------------------------------------------------------------------------*/
FoamFile
{
    version     2.0;
    format      ascii;
    class       volScalarField;
    location    "0.1";
    object      p;
}
// * * * * * * * * * * * * * * * * * * * * * * * * * * * * * * * * * * * * * //

dimensions      [0 2 -2 0 0 0 0];


internalField   nonuniform List<scalar> 
4800
(
8.20089e-12
0.000186858
0.000185325
8.09741e-05
0.000218083
0.000159097
0.000143459
0.000265571
0.000242275
0.000219172
0.000325394
0.00039582
0.000382521
0.000429684
0.000552981
0.000625405
0.000630659
0.000642691
0.000678789
0.000694475
1.59054e-05
0.000169127
0.000182243
8.55299e-05
0.000208756
0.000163386
0.00013908
0.000264849
0.000242446
0.000217753
0.000321436
0.000389121
0.000376104
0.000415189
0.000515433
0.000562198
0.000534581
0.000517132
0.000544834
0.000568768
2.27906e-05
0.000160357
0.000182726
8.59239e-05
0.000201415
0.000173051
0.000132504
0.00025726
0.000248596
0.000213708
0.000309378
0.000382248
0.000362232
0.000379135
0.000464012
0.000506667
0.000475227
0.000451802
0.000483165
0.000521632
3.85515e-05
0.000141962
0.000176967
9.64026e-05
0.000180458
0.000181154
0.00013116
0.000234687
0.000257107
0.000209205
0.000285709
0.000369217
0.000348561
0.000339195
0.000408053
0.000459741
0.000435372
0.000399922
0.000416371
0.000455723
4.89152e-05
0.000130339
0.000171931
0.000102372
0.000165855
0.0001877
0.000132548
0.000214083
0.000259163
0.000212125
0.000255804
0.000341825
0.000335818
0.000308708
0.000352061
0.000406202
0.000396157
0.000355238
0.000351832
0.000384187
6.13572e-05
0.000116784
0.000160505
0.000113748
0.000149073
0.000183196
0.000144794
0.000190727
0.0002464
0.00021651
0.000231005
0.000302935
0.000315875
0.000285079
0.000299919
0.000345477
0.000351467
0.00031835
0.000301108
0.000318092
7.0807e-05
0.000114123
0.000149845
0.000119088
0.00013775
0.000175186
0.000149771
0.000171835
0.000225973
0.000216758
0.000212189
0.00025877
0.000283786
0.000264351
0.000260442
0.00028789
0.000300831
0.000280475
0.000258742
0.000260994
7.81459e-05
0.000106743
0.000136924
0.000122374
0.000130192
0.000160809
0.000151388
0.000161286
0.000200828
0.000204799
0.0001961
0.000221845
0.000247415
0.000238666
0.000225527
0.000235024
0.00024787
0.000241189
0.000223362
0.000214271
8.26131e-05
0.000100851
0.000125062
0.000120802
0.000123345
0.00014651
0.000147608
0.000150116
0.000174886
0.000185761
0.00018055
0.000190416
0.000206429
0.000204479
0.000193847
0.000194315
0.000201045
0.000197157
0.000182048
0.000169093
8.45691e-05
9.60215e-05
0.000113938
0.000115696
0.000117088
0.000132253
0.00013728
0.000138259
0.000152287
0.000162491
0.000159822
0.000160731
0.000168592
0.000169879
0.000162509
0.000156344
0.00015436
0.000150348
0.000141281
0.000131101
8.42623e-05
9.19369e-05
0.000103868
0.000108011
0.000109197
0.000118129
0.000123616
0.000124452
0.000130681
0.000136747
0.000135497
0.00013344
0.000134948
0.000133964
0.000127119
0.000119207
0.000114045
0.000109415
0.000101858
9.17103e-05
8.18598e-05
8.65549e-05
9.43275e-05
9.8448e-05
9.95683e-05
0.00010413
0.000107805
0.000107972
0.000109401
0.000111384
0.000109672
0.000105698
0.000102471
9.86921e-05
9.23728e-05
8.45982e-05
7.71855e-05
6.99552e-05
6.17513e-05
5.2573e-05
7.76134e-05
8.03657e-05
8.48796e-05
8.77507e-05
8.82816e-05
8.97066e-05
9.08195e-05
8.96917e-05
8.80894e-05
8.64782e-05
8.29544e-05
7.75159e-05
7.17869e-05
6.58371e-05
5.86597e-05
5.02699e-05
4.16347e-05
3.32727e-05
2.48879e-05
1.61242e-05
7.19329e-05
7.32242e-05
7.52242e-05
7.63123e-05
7.56833e-05
7.47195e-05
7.3299e-05
7.03938e-05
6.64829e-05
6.20665e-05
5.65648e-05
4.97975e-05
4.23789e-05
3.46185e-05
2.63064e-05
1.74241e-05
8.32976e-06
-6.93049e-07
-9.66415e-06
-1.86724e-05
6.50418e-05
6.52008e-05
6.52193e-05
6.44225e-05
6.22856e-05
5.93063e-05
5.56074e-05
5.07808e-05
4.49277e-05
3.8376e-05
3.10726e-05
2.2946e-05
1.42478e-05
5.25075e-06
-3.98713e-06
-1.34545e-05
-2.30219e-05
-3.25124e-05
-4.18211e-05
-5.09179e-05
5.72935e-05
5.65252e-05
5.49377e-05
5.23711e-05
4.8607e-05
4.38211e-05
3.81485e-05
3.15017e-05
2.39416e-05
1.56867e-05
6.8586e-06
-2.4873e-06
-1.22065e-05
-2.21214e-05
-3.21212e-05
-4.21366e-05
-5.2077e-05
-6.18351e-05
-7.13309e-05
-8.05232e-05
4.90999e-05
4.75596e-05
4.46533e-05
4.05195e-05
3.51834e-05
2.87696e-05
2.14102e-05
1.31614e-05
4.12181e-06
-5.52777e-06
-1.5613e-05
-2.60108e-05
-3.65982e-05
-4.72462e-05
-5.78462e-05
-6.83144e-05
-7.85749e-05
-8.85539e-05
-9.81889e-05
-0.000107437
4.10224e-05
3.88516e-05
3.48708e-05
2.94077e-05
2.26617e-05
1.48162e-05
6.04182e-06
-3.53191e-06
-1.37741e-05
-2.45207e-05
-3.55998e-05
-4.68601e-05
-5.81706e-05
-6.94155e-05
-8.04972e-05
-9.13368e-05
-0.00010187
-0.000112044
-0.000121817
-0.00013116
3.36038e-05
3.1026e-05
2.63166e-05
1.99122e-05
1.21278e-05
3.22406e-06
-6.58348e-06
-1.71313e-05
-2.82713e-05
-3.98359e-05
-5.1646e-05
-6.35384e-05
-7.53775e-05
-8.70525e-05
-9.84717e-05
-0.00010956
-0.000120259
-0.000130526
-0.000140331
-0.000149657
2.70709e-05
2.38829e-05
1.82015e-05
1.059e-05
1.53482e-06
-8.57636e-06
-1.9497e-05
-3.10872e-05
-4.32122e-05
-5.56899e-05
-6.83196e-05
-8.09285e-05
-9.33872e-05
-0.000105598
-0.000117483
-0.000128974
-0.000140019
-0.000150579
-0.000160628
-0.000170154
0.000688045
0.000704223
0.000725091
0.000734729
0.000691779
0.000566323
0.000396972
0.000256139
0.000169694
0.000105093
4.97857e-05
3.5571e-05
6.2469e-05
7.33898e-05
4.01428e-05
-9.50227e-06
-5.94802e-05
-0.000114908
-0.000161933
-0.000182852
-0.000187143
-0.0001964
-0.000222636
-0.000265057
-0.000308856
-0.000336168
-0.000348734
-0.000365871
-0.000396514
-0.000430195
-0.00045675
-0.000479017
-0.000503722
-0.000531337
-0.000558524
-0.000584183
-0.000609905
-0.000637227
-0.000666453
-0.000697153
-0.000728569
-0.000759654
-0.000789265
-0.000816547
-0.000841185
-0.000863387
-0.0008837
-0.000902792
-0.000921291
-0.000939691
-0.00095832
-0.00097736
-0.000996886
-0.0010169
-0.00103738
-0.00105829
-0.00107956
-0.00110117
-0.00112308
-0.00114526
-0.00116769
-0.00119036
-0.00121324
-0.00123634
-0.00125964
-0.00128315
-0.00130684
-0.00133073
-0.00135481
-0.00137908
-0.00140353
-0.00142817
-0.001453
-0.001478
-0.0015032
-0.00152858
-0.00155415
-0.0015799
-0.00160585
-0.00163198
-0.0016583
-0.00168481
-0.00171152
-0.00173842
-0.00176551
-0.00179281
-0.0018203
-0.00184798
-0.00187587
-0.00190397
-0.00193226
-0.00196076
-0.00198947
-0.00201839
-0.00204752
-0.00207686
-0.00210641
-0.00213618
-0.00216617
-0.00219637
-0.0022268
-0.00225745
-0.00228832
-0.00231942
-0.00235075
-0.0023823
-0.00241409
-0.00244611
-0.00247836
-0.00251085
-0.00254358
-0.00257655
-0.00260976
-0.00264322
-0.00267692
-0.00271087
-0.00274507
-0.00277952
-0.00281422
-0.00284918
-0.0028844
-0.00291987
-0.00295561
-0.00299161
-0.00302787
-0.00306441
-0.00310121
-0.00313828
-0.00317562
-0.00321325
-0.00325114
-0.00328932
-0.00332778
-0.00336652
-0.00340555
-0.00344486
-0.00348447
-0.00352437
-0.00356456
-0.00360504
-0.00364583
-0.00368692
-0.00372831
-0.00377
-0.00381201
-0.00385432
-0.00389694
-0.00393988
-0.00398314
-0.00402671
-0.00407061
-0.00411483
-0.00415937
-0.00420425
-0.00424945
-0.00429499
-0.00434087
-0.00438708
-0.00443363
-0.00448053
-0.00452777
-0.00457536
-0.00462331
-0.0046716
-0.00472026
-0.00476927
-0.00481864
-0.00486838
-0.00491848
-0.00496895
-0.0050198
-0.00507102
-0.00512262
-0.0051746
-0.00522696
-0.00527971
-0.00533285
-0.00538638
-0.0054403
-0.00549463
-0.00554935
-0.00560448
-0.00566001
-0.00571595
-0.00577231
-0.00582908
-0.00588627
-0.00594388
-0.00600192
-0.00606038
-0.00611928
-0.00617861
-0.00623838
-0.00629859
-0.00635924
-0.00642034
-0.00648189
-0.0065439
-0.00660635
-0.00666928
-0.00673265
-0.00679654
-0.0068608
-0.0069257
-0.0069908
-0.00705682
-0.00712268
-0.0071899
-0.00725653
-0.0073248
-0.00739259
-0.00746121
-0.00753087
-0.00759903
-0.00766998
-0.00773778
-0.0078057
-0.00787113
-0.00792885
-0.00797854
0.000558659
0.000541005
0.000543803
0.000561383
0.000552117
0.000479336
0.00036129
0.000257203
0.00018814
0.000118609
4.33148e-05
1.37952e-05
3.5268e-05
4.73119e-05
2.34667e-05
-1.35392e-05
-5.75693e-05
-0.000114481
-0.000165902
-0.000192367
-0.000199632
-0.000204838
-0.000223935
-0.00026472
-0.000312905
-0.000343192
-0.000354068
-0.000368551
-0.000398833
-0.00043349
-0.000460354
-0.000482128
-0.000506402
-0.000533932
-0.000561075
-0.000586523
-0.00061192
-0.000638876
-0.000667678
-0.000697866
-0.000728707
-0.000759222
-0.000788347
-0.000815287
-0.000839754
-0.000861943
-0.00088236
-0.000901623
-0.000920314
-0.000938897
-0.000957684
-0.000976854
-0.000996483
-0.00101658
-0.00103713
-0.00105808
-0.0010794
-0.00110103
-0.00112297
-0.00114517
-0.00116761
-0.00119029
-0.00121319
-0.00123629
-0.0012596
-0.00128311
-0.00130681
-0.00133071
-0.00135479
-0.00137906
-0.00140352
-0.00142816
-0.00145298
-0.00147799
-0.00150319
-0.00152857
-0.00155414
-0.0015799
-0.00160584
-0.00163197
-0.0016583
-0.00168481
-0.00171152
-0.00173842
-0.00176551
-0.0017928
-0.00182029
-0.00184798
-0.00187587
-0.00190397
-0.00193226
-0.00196076
-0.00198947
-0.00201839
-0.00204752
-0.00207686
-0.00210641
-0.00213618
-0.00216617
-0.00219637
-0.0022268
-0.00225745
-0.00228832
-0.00231942
-0.00235075
-0.0023823
-0.00241409
-0.00244611
-0.00247836
-0.00251085
-0.00254358
-0.00257655
-0.00260976
-0.00264322
-0.00267692
-0.00271087
-0.00274507
-0.00277952
-0.00281422
-0.00284918
-0.0028844
-0.00291987
-0.00295561
-0.00299161
-0.00302787
-0.00306441
-0.00310121
-0.00313828
-0.00317562
-0.00321325
-0.00325114
-0.00328932
-0.00332778
-0.00336652
-0.00340555
-0.00344486
-0.00348447
-0.00352437
-0.00356456
-0.00360504
-0.00364583
-0.00368692
-0.00372831
-0.00377
-0.00381201
-0.00385432
-0.00389694
-0.00393988
-0.00398314
-0.00402671
-0.00407061
-0.00411483
-0.00415937
-0.00420425
-0.00424945
-0.00429499
-0.00434087
-0.00438708
-0.00443363
-0.00448053
-0.00452777
-0.00457536
-0.00462331
-0.0046716
-0.00472026
-0.00476927
-0.00481864
-0.00486838
-0.00491848
-0.00496895
-0.0050198
-0.00507102
-0.00512262
-0.0051746
-0.00522696
-0.00527971
-0.00533285
-0.00538638
-0.0054403
-0.00549463
-0.00554935
-0.00560448
-0.00566001
-0.00571595
-0.00577231
-0.00582908
-0.00588627
-0.00594388
-0.00600192
-0.00606038
-0.00611928
-0.00617861
-0.00623838
-0.00629859
-0.00635924
-0.00642034
-0.00648189
-0.0065439
-0.00660635
-0.00666928
-0.00673265
-0.00679654
-0.0068608
-0.0069257
-0.0069908
-0.00705683
-0.00712268
-0.00718991
-0.00725652
-0.0073248
-0.00739258
-0.00746121
-0.00753088
-0.00759903
-0.00766999
-0.00773778
-0.00780573
-0.00787114
-0.00792896
-0.00797874
0.000516555
0.000488458
0.000480867
0.000497999
0.000501443
0.000454111
0.000362277
0.000278532
0.00022707
0.000163015
7.23335e-05
1.89154e-05
2.49477e-05
3.26681e-05
1.44425e-05
-9.05334e-06
-4.14528e-05
-9.63573e-05
-0.000153896
-0.000190157
-0.000204936
-0.000208144
-0.000217692
-0.000253527
-0.000306531
-0.000343119
-0.000353997
-0.000364884
-0.000393972
-0.00043029
-0.000458468
-0.00047987
-0.000503238
-0.000530459
-0.000557953
-0.000584023
-0.000609937
-0.000636906
-0.000664862
-0.000693267
-0.000721714
-0.000749805
-0.000777052
-0.000803034
-0.000827555
-0.000850662
-0.000872567
-0.000893574
-0.000914001
-0.000934134
-0.000954203
-0.000974369
-0.000994734
-0.00101536
-0.00103627
-0.00105747
-0.00107895
-0.0011007
-0.00112272
-0.00114497
-0.00116746
-0.00119016
-0.00121308
-0.00123621
-0.00125953
-0.00128305
-0.00130677
-0.00133067
-0.00135475
-0.00137903
-0.00140349
-0.00142813
-0.00145296
-0.00147798
-0.00150318
-0.00152856
-0.00155413
-0.00157989
-0.00160583
-0.00163197
-0.00165829
-0.00168481
-0.00171151
-0.00173841
-0.00176551
-0.0017928
-0.00182029
-0.00184798
-0.00187587
-0.00190396
-0.00193226
-0.00196076
-0.00198947
-0.00201839
-0.00204752
-0.00207686
-0.00210641
-0.00213618
-0.00216617
-0.00219637
-0.0022268
-0.00225745
-0.00228832
-0.00231942
-0.00235075
-0.0023823
-0.00241409
-0.00244611
-0.00247836
-0.00251085
-0.00254358
-0.00257655
-0.00260976
-0.00264322
-0.00267692
-0.00271087
-0.00274507
-0.00277952
-0.00281422
-0.00284918
-0.0028844
-0.00291987
-0.00295561
-0.00299161
-0.00302787
-0.00306441
-0.00310121
-0.00313828
-0.00317562
-0.00321325
-0.00325114
-0.00328932
-0.00332778
-0.00336652
-0.00340555
-0.00344486
-0.00348447
-0.00352437
-0.00356456
-0.00360504
-0.00364583
-0.00368692
-0.00372831
-0.00377
-0.00381201
-0.00385432
-0.00389694
-0.00393988
-0.00398314
-0.00402671
-0.00407061
-0.00411483
-0.00415937
-0.00420425
-0.00424945
-0.00429499
-0.00434087
-0.00438708
-0.00443363
-0.00448053
-0.00452777
-0.00457536
-0.00462331
-0.0046716
-0.00472026
-0.00476927
-0.00481864
-0.00486838
-0.00491848
-0.00496895
-0.0050198
-0.00507102
-0.00512262
-0.0051746
-0.00522696
-0.00527971
-0.00533285
-0.00538638
-0.0054403
-0.00549463
-0.00554935
-0.00560448
-0.00566001
-0.00571595
-0.00577231
-0.00582908
-0.00588627
-0.00594388
-0.00600192
-0.00606038
-0.00611928
-0.00617861
-0.00623838
-0.00629859
-0.00635924
-0.00642034
-0.00648189
-0.0065439
-0.00660635
-0.00666928
-0.00673265
-0.00679654
-0.0068608
-0.0069257
-0.0069908
-0.00705683
-0.00712268
-0.00718991
-0.00725652
-0.0073248
-0.00739258
-0.00746122
-0.00753088
-0.00759903
-0.00767001
-0.00773778
-0.00780575
-0.00787117
-0.00792902
-0.00797886
0.000461164
0.000429497
0.000403553
0.000408632
0.00041567
0.000384983
0.000311991
0.000236418
0.000194101
0.000153643
7.70808e-05
1.01994e-05
-1.39415e-06
2.19648e-06
-1.60329e-05
-3.6471e-05
-5.62225e-05
-9.85189e-05
-0.000154503
-0.000197377
-0.000220605
-0.00022835
-0.000232663
-0.000257853
-0.000307633
-0.000350631
-0.000366533
-0.000374884
-0.000399476
-0.000435087
-0.000464854
-0.000486664
-0.000509081
-0.000535563
-0.000562954
-0.000588939
-0.000614397
-0.000640627
-0.000667705
-0.000695144
-0.000722592
-0.000749754
-0.000776239
-0.000801676
-0.000825869
-0.000848833
-0.000870739
-0.00089184
-0.000912415
-0.000932724
-0.000952974
-0.000973316
-0.000993846
-0.00101462
-0.00103566
-0.00105696
-0.00107854
-0.00110037
-0.00112244
-0.00114474
-0.00116727
-0.00119001
-0.00121296
-0.0012361
-0.00125945
-0.00128298
-0.0013067
-0.00133062
-0.00135471
-0.00137899
-0.00140346
-0.00142811
-0.00145294
-0.00147796
-0.00150316
-0.00152855
-0.00155412
-0.00157988
-0.00160583
-0.00163196
-0.00165829
-0.0016848
-0.00171151
-0.00173841
-0.00176551
-0.0017928
-0.00182029
-0.00184798
-0.00187587
-0.00190397
-0.00193226
-0.00196076
-0.00198947
-0.00201839
-0.00204752
-0.00207686
-0.00210641
-0.00213618
-0.00216617
-0.00219638
-0.0022268
-0.00225745
-0.00228832
-0.00231942
-0.00235075
-0.0023823
-0.00241409
-0.00244611
-0.00247836
-0.00251085
-0.00254358
-0.00257655
-0.00260976
-0.00264322
-0.00267692
-0.00271087
-0.00274507
-0.00277952
-0.00281422
-0.00284918
-0.0028844
-0.00291987
-0.00295561
-0.00299161
-0.00302787
-0.00306441
-0.00310121
-0.00313828
-0.00317562
-0.00321325
-0.00325114
-0.00328932
-0.00332778
-0.00336652
-0.00340555
-0.00344486
-0.00348447
-0.00352437
-0.00356456
-0.00360504
-0.00364583
-0.00368692
-0.00372831
-0.00377
-0.00381201
-0.00385432
-0.00389694
-0.00393988
-0.00398314
-0.00402671
-0.00407061
-0.00411483
-0.00415937
-0.00420425
-0.00424945
-0.00429499
-0.00434087
-0.00438708
-0.00443363
-0.00448053
-0.00452777
-0.00457536
-0.00462331
-0.0046716
-0.00472026
-0.00476927
-0.00481864
-0.00486838
-0.00491848
-0.00496895
-0.0050198
-0.00507102
-0.00512262
-0.0051746
-0.00522696
-0.00527971
-0.00533285
-0.00538638
-0.0054403
-0.00549463
-0.00554935
-0.00560448
-0.00566001
-0.00571595
-0.00577231
-0.00582908
-0.00588627
-0.00594388
-0.00600192
-0.00606038
-0.00611928
-0.00617861
-0.00623838
-0.00629859
-0.00635924
-0.00642034
-0.00648189
-0.0065439
-0.00660635
-0.00666928
-0.00673265
-0.00679654
-0.0068608
-0.00692571
-0.0069908
-0.00705683
-0.00712268
-0.00718991
-0.00725652
-0.00732481
-0.00739259
-0.00746121
-0.00753089
-0.00759902
-0.00767003
-0.00773779
-0.00780578
-0.00787121
-0.00792908
-0.00797898
0.000401111
0.00037866
0.00034374
0.000333713
0.000337875
0.000320519
0.000269072
0.000205154
0.000163826
0.000139481
8.93914e-05
2.3921e-05
-4.84029e-06
-7.12489e-06
-2.63801e-05
-5.32385e-05
-6.99427e-05
-9.76482e-05
-0.000144157
-0.000187311
-0.000216631
-0.000234531
-0.000243479
-0.000259361
-0.000297544
-0.000342391
-0.000367854
-0.000378551
-0.000397887
-0.000430295
-0.000461742
-0.00048546
-0.000507395
-0.000532626
-0.00055959
-0.000585663
-0.000610981
-0.000636708
-0.000663061
-0.000689592
-0.000715981
-0.000742092
-0.000767758
-0.000792779
-0.000817024
-0.000840476
-0.000863203
-0.000885324
-0.000906983
-0.000928333
-0.000949511
-0.000970635
-0.000991795
-0.00101306
-0.00103447
-0.00105606
-0.00107785
-0.00109983
-0.00112202
-0.00114441
-0.00116701
-0.0011898
-0.00121278
-0.00123596
-0.00125933
-0.00128289
-0.00130663
-0.00133055
-0.00135466
-0.00137895
-0.00140343
-0.00142808
-0.00145292
-0.00147794
-0.00150315
-0.00152854
-0.00155411
-0.00157988
-0.00160582
-0.00163196
-0.00165829
-0.0016848
-0.00171151
-0.00173841
-0.00176551
-0.0017928
-0.0018203
-0.00184798
-0.00187588
-0.00190397
-0.00193227
-0.00196077
-0.00198948
-0.00201839
-0.00204752
-0.00207686
-0.00210642
-0.00213619
-0.00216617
-0.00219638
-0.0022268
-0.00225745
-0.00228833
-0.00231942
-0.00235075
-0.0023823
-0.00241409
-0.00244611
-0.00247836
-0.00251085
-0.00254358
-0.00257655
-0.00260976
-0.00264322
-0.00267692
-0.00271087
-0.00274507
-0.00277952
-0.00281422
-0.00284918
-0.0028844
-0.00291987
-0.00295561
-0.00299161
-0.00302787
-0.00306441
-0.00310121
-0.00313828
-0.00317563
-0.00321325
-0.00325114
-0.00328932
-0.00332778
-0.00336652
-0.00340555
-0.00344486
-0.00348447
-0.00352437
-0.00356456
-0.00360504
-0.00364583
-0.00368692
-0.00372831
-0.00377
-0.00381201
-0.00385432
-0.00389694
-0.00393988
-0.00398314
-0.00402671
-0.00407061
-0.00411483
-0.00415937
-0.00420425
-0.00424945
-0.00429499
-0.00434087
-0.00438708
-0.00443363
-0.00448053
-0.00452777
-0.00457536
-0.00462331
-0.0046716
-0.00472026
-0.00476927
-0.00481864
-0.00486838
-0.00491848
-0.00496895
-0.0050198
-0.00507102
-0.00512262
-0.0051746
-0.00522696
-0.00527971
-0.00533285
-0.00538638
-0.0054403
-0.00549463
-0.00554935
-0.00560448
-0.00566001
-0.00571595
-0.00577231
-0.00582908
-0.00588627
-0.00594388
-0.00600192
-0.00606038
-0.00611928
-0.00617861
-0.00623838
-0.00629859
-0.00635924
-0.00642034
-0.00648189
-0.0065439
-0.00660635
-0.00666928
-0.00673265
-0.00679654
-0.0068608
-0.00692571
-0.0069908
-0.00705683
-0.00712268
-0.00718991
-0.00725652
-0.00732481
-0.00739259
-0.00746122
-0.0075309
-0.00759902
-0.00767005
-0.0077378
-0.00780581
-0.00787126
-0.00792914
-0.00797909
0.000336945
0.000326889
0.000293836
0.000271904
0.000269333
0.00026105
0.000228041
0.000176893
0.000135066
0.00011413
8.37055e-05
2.98096e-05
-9.96249e-06
-2.22311e-05
-4.05047e-05
-7.07266e-05
-9.16971e-05
-0.000111773
-0.000146981
-0.000185909
-0.000217123
-0.000242585
-0.000260218
-0.000273598
-0.00029959
-0.000339586
-0.000372417
-0.000389346
-0.000405806
-0.000433153
-0.000464187
-0.000489959
-0.000512289
-0.000536406
-0.000562685
-0.000588807
-0.000614107
-0.000639412
-0.000665136
-0.000690994
-0.00071667
-0.000742047
-0.000767032
-0.000791493
-0.000815328
-0.000838522
-0.000861128
-0.000883243
-0.000904984
-0.000926476
-0.000947833
-0.000969153
-0.00099051
-0.00101196
-0.00103354
-0.00105529
-0.0010772
-0.0010993
-0.00112158
-0.00114405
-0.00116671
-0.00118955
-0.00121258
-0.0012358
-0.00125919
-0.00128277
-0.00130654
-0.00133048
-0.0013546
-0.0013789
-0.00140339
-0.00142805
-0.0014529
-0.00147793
-0.00150314
-0.00152853
-0.00155411
-0.00157987
-0.00160582
-0.00163196
-0.00165829
-0.00168481
-0.00171152
-0.00173842
-0.00176552
-0.00179281
-0.0018203
-0.00184799
-0.00187588
-0.00190397
-0.00193227
-0.00196077
-0.00198948
-0.0020184
-0.00204753
-0.00207687
-0.00210642
-0.00213619
-0.00216618
-0.00219638
-0.00222681
-0.00225746
-0.00228833
-0.00231943
-0.00235075
-0.00238231
-0.00241409
-0.00244611
-0.00247837
-0.00251086
-0.00254359
-0.00257655
-0.00260977
-0.00264322
-0.00267692
-0.00271087
-0.00274507
-0.00277952
-0.00281422
-0.00284918
-0.0028844
-0.00291987
-0.00295561
-0.00299161
-0.00302788
-0.00306441
-0.00310121
-0.00313828
-0.00317563
-0.00321325
-0.00325114
-0.00328932
-0.00332778
-0.00336652
-0.00340555
-0.00344486
-0.00348447
-0.00352437
-0.00356456
-0.00360505
-0.00364583
-0.00368692
-0.00372831
-0.00377
-0.00381201
-0.00385432
-0.00389694
-0.00393988
-0.00398314
-0.00402671
-0.00407061
-0.00411483
-0.00415937
-0.00420425
-0.00424945
-0.00429499
-0.00434087
-0.00438708
-0.00443363
-0.00448053
-0.00452777
-0.00457536
-0.00462331
-0.0046716
-0.00472026
-0.00476927
-0.00481864
-0.00486838
-0.00491848
-0.00496895
-0.0050198
-0.00507102
-0.00512262
-0.0051746
-0.00522696
-0.00527971
-0.00533285
-0.00538638
-0.0054403
-0.00549463
-0.00554935
-0.00560448
-0.00566001
-0.00571595
-0.00577231
-0.00582908
-0.00588627
-0.00594388
-0.00600192
-0.00606038
-0.00611928
-0.00617861
-0.00623838
-0.00629859
-0.00635924
-0.00642034
-0.00648189
-0.0065439
-0.00660635
-0.00666928
-0.00673265
-0.00679654
-0.0068608
-0.00692571
-0.0069908
-0.00705683
-0.00712268
-0.00718991
-0.00725652
-0.00732481
-0.00739259
-0.00746122
-0.00753092
-0.00759903
-0.00767007
-0.00773783
-0.00780584
-0.00787131
-0.0079292
-0.00797918
0.000274329
0.000272541
0.000248416
0.000222894
0.000212121
0.000204825
0.000182781
0.000144409
0.000106586
8.36989e-05
6.19644e-05
2.2649e-05
-1.80213e-05
-4.00507e-05
-5.83669e-05
-8.6156e-05
-0.000110921
-0.000130113
-0.000156613
-0.000189678
-0.000220678
-0.000248759
-0.000271601
-0.000287471
-0.000307301
-0.000339536
-0.000373256
-0.000395888
-0.000413135
-0.00043649
-0.000465285
-0.000492068
-0.000515278
-0.000538544
-0.00056353
-0.000588925
-0.000613726
-0.000638291
-0.000663091
-0.000688048
-0.000712912
-0.000737573
-0.000761993
-0.000786105
-0.000809839
-0.000833164
-0.000856093
-0.000878668
-0.000900948
-0.000923003
-0.000944904
-0.000966721
-0.000988516
-0.00101034
-0.00103223
-0.00105423
-0.00107635
-0.00109861
-0.00112102
-0.0011436
-0.00116634
-0.00118925
-0.00121234
-0.0012356
-0.00125903
-0.00128264
-0.00130643
-0.00133039
-0.00135453
-0.00137885
-0.00140334
-0.00142802
-0.00145287
-0.00147791
-0.00150312
-0.00152852
-0.0015541
-0.00157987
-0.00160582
-0.00163196
-0.00165829
-0.00168481
-0.00171152
-0.00173843
-0.00176552
-0.00179282
-0.00182031
-0.001848
-0.00187589
-0.00190398
-0.00193228
-0.00196078
-0.00198949
-0.00201841
-0.00204754
-0.00207687
-0.00210643
-0.0021362
-0.00216618
-0.00219639
-0.00222681
-0.00225746
-0.00228833
-0.00231943
-0.00235076
-0.00238231
-0.0024141
-0.00244612
-0.00247837
-0.00251086
-0.00254359
-0.00257656
-0.00260977
-0.00264322
-0.00267692
-0.00271087
-0.00274507
-0.00277952
-0.00281423
-0.00284918
-0.0028844
-0.00291988
-0.00295561
-0.00299161
-0.00302788
-0.00306441
-0.00310121
-0.00313828
-0.00317563
-0.00321325
-0.00325114
-0.00328932
-0.00332778
-0.00336652
-0.00340555
-0.00344486
-0.00348447
-0.00352437
-0.00356456
-0.00360505
-0.00364583
-0.00368692
-0.00372831
-0.00377
-0.00381201
-0.00385432
-0.00389694
-0.00393988
-0.00398314
-0.00402671
-0.00407061
-0.00411483
-0.00415937
-0.00420425
-0.00424945
-0.00429499
-0.00434087
-0.00438708
-0.00443363
-0.00448053
-0.00452777
-0.00457536
-0.00462331
-0.0046716
-0.00472026
-0.00476927
-0.00481864
-0.00486838
-0.00491848
-0.00496895
-0.0050198
-0.00507102
-0.00512262
-0.0051746
-0.00522696
-0.00527971
-0.00533285
-0.00538638
-0.0054403
-0.00549463
-0.00554935
-0.00560448
-0.00566001
-0.00571595
-0.00577231
-0.00582908
-0.00588627
-0.00594388
-0.00600192
-0.00606038
-0.00611928
-0.00617861
-0.00623838
-0.00629859
-0.00635924
-0.00642034
-0.00648189
-0.0065439
-0.00660635
-0.00666928
-0.00673265
-0.00679654
-0.0068608
-0.00692571
-0.0069908
-0.00705683
-0.00712268
-0.00718992
-0.00725653
-0.00732481
-0.0073926
-0.00746122
-0.00753093
-0.00759904
-0.0076701
-0.00773785
-0.00780587
-0.00787136
-0.00792926
-0.00797926
0.000216106
0.00021528
0.000201281
0.000179999
0.000164028
0.000152691
0.000135428
0.000108656
7.8475e-05
5.32351e-05
3.18583e-05
3.53343e-06
-3.08264e-05
-5.77215e-05
-7.77949e-05
-0.000101859
-0.000127351
-0.00014821
-0.000170278
-0.000198177
-0.000227412
-0.000254641
-0.000278803
-0.000298382
-0.000317692
-0.000343888
-0.000374324
-0.000399877
-0.000419747
-0.000441171
-0.000466929
-0.000493084
-0.000516955
-0.000540091
-0.000564273
-0.000589167
-0.000613881
-0.000638341
-0.00066286
-0.000687476
-0.000712012
-0.000736349
-0.000760447
-0.000784276
-0.000807796
-0.000830988
-0.000853866
-0.000876463
-0.000898829
-0.000921017
-0.000943084
-0.000965085
-0.000987068
-0.00100907
-0.00103114
-0.00105329
-0.00107556
-0.00109794
-0.00112046
-0.00114313
-0.00116595
-0.00118893
-0.00121208
-0.00123538
-0.00125886
-0.0012825
-0.00130631
-0.0013303
-0.00135446
-0.00137879
-0.0014033
-0.00142799
-0.00145285
-0.00147789
-0.00150311
-0.00152852
-0.0015541
-0.00157987
-0.00160583
-0.00163197
-0.0016583
-0.00168482
-0.00171153
-0.00173844
-0.00176554
-0.00179283
-0.00182032
-0.00184801
-0.0018759
-0.001904
-0.00193229
-0.00196079
-0.0019895
-0.00201842
-0.00204755
-0.00207689
-0.00210644
-0.00213621
-0.00216619
-0.0021964
-0.00222682
-0.00225747
-0.00228834
-0.00231944
-0.00235076
-0.00238232
-0.0024141
-0.00244612
-0.00247837
-0.00251086
-0.00254359
-0.00257656
-0.00260977
-0.00264323
-0.00267693
-0.00271088
-0.00274507
-0.00277952
-0.00281423
-0.00284919
-0.0028844
-0.00291988
-0.00295561
-0.00299161
-0.00302788
-0.00306441
-0.00310121
-0.00313828
-0.00317563
-0.00321325
-0.00325114
-0.00328932
-0.00332778
-0.00336652
-0.00340555
-0.00344486
-0.00348447
-0.00352437
-0.00356456
-0.00360505
-0.00364583
-0.00368692
-0.00372831
-0.00377
-0.00381201
-0.00385432
-0.00389694
-0.00393988
-0.00398314
-0.00402671
-0.00407061
-0.00411483
-0.00415937
-0.00420425
-0.00424945
-0.00429499
-0.00434087
-0.00438708
-0.00443363
-0.00448053
-0.00452777
-0.00457536
-0.00462331
-0.0046716
-0.00472026
-0.00476927
-0.00481864
-0.00486838
-0.00491848
-0.00496895
-0.0050198
-0.00507102
-0.00512262
-0.0051746
-0.00522696
-0.00527971
-0.00533285
-0.00538638
-0.0054403
-0.00549463
-0.00554935
-0.00560448
-0.00566001
-0.00571595
-0.00577231
-0.00582908
-0.00588627
-0.00594388
-0.00600192
-0.00606038
-0.00611928
-0.00617861
-0.00623838
-0.00629859
-0.00635924
-0.00642034
-0.00648189
-0.0065439
-0.00660635
-0.00666929
-0.00673265
-0.00679654
-0.0068608
-0.00692571
-0.0069908
-0.00705683
-0.00712268
-0.00718992
-0.00725653
-0.00732482
-0.00739261
-0.00746123
-0.00753094
-0.00759905
-0.00767012
-0.00773789
-0.00780591
-0.00787141
-0.00792931
-0.00797934
0.000165174
0.00016406
0.000155738
0.000138326
0.000119544
0.000104806
9.0987e-05
7.22657e-05
4.71603e-05
2.14814e-05
4.11432e-07
-2.12733e-05
-4.89493e-05
-7.62207e-05
-9.79058e-05
-0.000119324
-0.00014285
-0.000164476
-0.000185573
-0.000210414
-0.000237115
-0.000262244
-0.000285793
-0.000307682
-0.00032834
-0.000351152
-0.000377396
-0.000403094
-0.000425465
-0.000447118
-0.000471027
-0.000496245
-0.000520615
-0.000544088
-0.000567784
-0.000591965
-0.000616138
-0.000640069
-0.000663903
-0.000687746
-0.000711545
-0.000735223
-0.000758756
-0.000782134
-0.000805338
-0.000828353
-0.00085118
-0.000873832
-0.000896332
-0.00091871
-0.000940999
-0.000963235
-0.00098545
-0.00100768
-0.00102995
-0.00105228
-0.0010747
-0.00109722
-0.00111986
-0.00114263
-0.00116554
-0.00118859
-0.0012118
-0.00123515
-0.00125867
-0.00128235
-0.00130619
-0.0013302
-0.00135438
-0.00137874
-0.00140326
-0.00142796
-0.00145283
-0.00147788
-0.00150311
-0.00152852
-0.00155411
-0.00157988
-0.00160584
-0.00163199
-0.00165832
-0.00168484
-0.00171155
-0.00173846
-0.00176556
-0.00179285
-0.00182034
-0.00184803
-0.00187592
-0.00190401
-0.00193231
-0.00196081
-0.00198952
-0.00201843
-0.00204756
-0.0020769
-0.00210645
-0.00213622
-0.0021662
-0.00219641
-0.00222683
-0.00225748
-0.00228835
-0.00231945
-0.00235077
-0.00238232
-0.00241411
-0.00244613
-0.00247838
-0.00251087
-0.0025436
-0.00257657
-0.00260978
-0.00264323
-0.00267693
-0.00271088
-0.00274508
-0.00277953
-0.00281423
-0.00284919
-0.0028844
-0.00291988
-0.00295561
-0.00299161
-0.00302788
-0.00306441
-0.00310121
-0.00313828
-0.00317563
-0.00321325
-0.00325115
-0.00328932
-0.00332778
-0.00336652
-0.00340555
-0.00344487
-0.00348447
-0.00352437
-0.00356456
-0.00360505
-0.00364583
-0.00368692
-0.00372831
-0.00377
-0.00381201
-0.00385432
-0.00389694
-0.00393988
-0.00398314
-0.00402671
-0.00407061
-0.00411483
-0.00415937
-0.00420425
-0.00424945
-0.00429499
-0.00434087
-0.00438708
-0.00443363
-0.00448053
-0.00452777
-0.00457536
-0.00462331
-0.0046716
-0.00472026
-0.00476927
-0.00481864
-0.00486838
-0.00491848
-0.00496895
-0.0050198
-0.00507102
-0.00512262
-0.0051746
-0.00522696
-0.00527971
-0.00533285
-0.00538638
-0.0054403
-0.00549463
-0.00554935
-0.00560448
-0.00566001
-0.00571595
-0.00577231
-0.00582908
-0.00588627
-0.00594388
-0.00600192
-0.00606038
-0.00611928
-0.00617861
-0.00623838
-0.00629859
-0.00635924
-0.00642034
-0.00648189
-0.0065439
-0.00660635
-0.00666929
-0.00673265
-0.00679654
-0.0068608
-0.00692571
-0.0069908
-0.00705684
-0.00712268
-0.00718992
-0.00725653
-0.00732482
-0.00739261
-0.00746124
-0.00753096
-0.00759907
-0.00767015
-0.00773792
-0.00780595
-0.00787147
-0.00792937
-0.0079794
0.000123697
0.000117529
0.000108172
9.40857e-05
7.84629e-05
6.45167e-05
5.0645e-05
3.31472e-05
1.20275e-05
-9.20215e-06
-2.87048e-05
-4.89496e-05
-7.22661e-05
-9.61391e-05
-0.000117455
-0.000137781
-0.000159246
-0.000180917
-0.000202513
-0.000225248
-0.000248587
-0.000271445
-0.000294372
-0.000317326
-0.000339249
-0.000361068
-0.00038473
-0.000409455
-0.000432891
-0.000455016
-0.000477652
-0.000501295
-0.000524903
-0.000547945
-0.000570887
-0.000594127
-0.00061754
-0.000640919
-0.000664265
-0.000687641
-0.000711031
-0.000734374
-0.000757632
-0.000780785
-0.000803819
-0.000826722
-0.000849492
-0.000872137
-0.000894674
-0.000917124
-0.000939511
-0.000961862
-0.000984204
-0.00100656
-0.00102896
-0.00105141
-0.00107395
-0.00109658
-0.00111931
-0.00114217
-0.00116515
-0.00118827
-0.00121153
-0.00123493
-0.00125849
-0.00128221
-0.00130608
-0.00133012
-0.00135432
-0.00137869
-0.00140322
-0.00142793
-0.00145282
-0.00147788
-0.00150311
-0.00152853
-0.00155412
-0.0015799
-0.00160586
-0.00163201
-0.00165834
-0.00168487
-0.00171158
-0.00173848
-0.00176558
-0.00179288
-0.00182037
-0.00184806
-0.00187595
-0.00190404
-0.00193233
-0.00196083
-0.00198954
-0.00201845
-0.00204758
-0.00207692
-0.00210647
-0.00213624
-0.00216622
-0.00219642
-0.00222685
-0.00225749
-0.00228836
-0.00231946
-0.00235078
-0.00238233
-0.00241412
-0.00244613
-0.00247839
-0.00251088
-0.0025436
-0.00257657
-0.00260978
-0.00264324
-0.00267694
-0.00271088
-0.00274508
-0.00277953
-0.00281423
-0.00284919
-0.00288441
-0.00291988
-0.00295562
-0.00299162
-0.00302788
-0.00306441
-0.00310121
-0.00313828
-0.00317563
-0.00321325
-0.00325115
-0.00328932
-0.00332778
-0.00336652
-0.00340555
-0.00344487
-0.00348447
-0.00352437
-0.00356456
-0.00360505
-0.00364583
-0.00368692
-0.00372831
-0.00377
-0.00381201
-0.00385432
-0.00389694
-0.00393988
-0.00398314
-0.00402671
-0.00407061
-0.00411483
-0.00415937
-0.00420425
-0.00424945
-0.00429499
-0.00434087
-0.00438708
-0.00443363
-0.00448053
-0.00452777
-0.00457536
-0.00462331
-0.0046716
-0.00472026
-0.00476927
-0.00481864
-0.00486838
-0.00491848
-0.00496895
-0.0050198
-0.00507102
-0.00512262
-0.0051746
-0.00522696
-0.00527971
-0.00533285
-0.00538638
-0.0054403
-0.00549463
-0.00554935
-0.00560448
-0.00566001
-0.00571595
-0.00577231
-0.00582908
-0.00588627
-0.00594388
-0.00600192
-0.00606038
-0.00611928
-0.00617861
-0.00623838
-0.00629859
-0.00635924
-0.00642034
-0.00648189
-0.0065439
-0.00660635
-0.00666929
-0.00673265
-0.00679654
-0.0068608
-0.00692571
-0.00699081
-0.00705684
-0.00712268
-0.00718993
-0.00725654
-0.00732483
-0.00739262
-0.00746125
-0.00753098
-0.00759909
-0.00767017
-0.00773796
-0.00780599
-0.00787152
-0.00792943
-0.00797947
8.18237e-05
7.32569e-05
6.4586e-05
5.37872e-05
4.03795e-05
2.56507e-05
1.06614e-05
-4.6822e-06
-2.11792e-05
-3.94093e-05
-5.86075e-05
-7.76756e-05
-9.71205e-05
-0.000117494
-0.000137689
-0.000157298
-0.000177639
-0.000199002
-0.000220221
-0.000241047
-0.000262293
-0.000284366
-0.000307024
-0.000329545
-0.000351179
-0.000372329
-0.000394255
-0.00041711
-0.000439738
-0.000461614
-0.000483498
-0.000506022
-0.000528889
-0.000551636
-0.000574296
-0.000597094
-0.000620045
-0.000643026
-0.000665981
-0.000688926
-0.000711867
-0.00073478
-0.000757643
-0.000780446
-0.000803184
-0.000825855
-0.000848457
-0.000870997
-0.000893483
-0.000915929
-0.000938349
-0.00096076
-0.000983181
-0.00100563
-0.00102812
-0.00105067
-0.0010733
-0.00109601
-0.00111883
-0.00114176
-0.0011648
-0.00118798
-0.00121129
-0.00123474
-0.00125834
-0.00128208
-0.00130599
-0.00133005
-0.00135427
-0.00137865
-0.00140321
-0.00142793
-0.00145282
-0.00147789
-0.00150313
-0.00152855
-0.00155415
-0.00157993
-0.0016059
-0.00163205
-0.00165838
-0.0016849
-0.00171162
-0.00173852
-0.00176562
-0.00179291
-0.0018204
-0.00184809
-0.00187598
-0.00190407
-0.00193236
-0.00196086
-0.00198957
-0.00201848
-0.0020476
-0.00207694
-0.00210649
-0.00213626
-0.00216624
-0.00219644
-0.00222686
-0.00225751
-0.00228838
-0.00231947
-0.00235079
-0.00238235
-0.00241413
-0.00244615
-0.0024784
-0.00251089
-0.00254361
-0.00257658
-0.00260979
-0.00264324
-0.00267694
-0.00271089
-0.00274509
-0.00277953
-0.00281424
-0.00284919
-0.00288441
-0.00291988
-0.00295562
-0.00299162
-0.00302788
-0.00306441
-0.00310121
-0.00313829
-0.00317563
-0.00321325
-0.00325115
-0.00328932
-0.00332778
-0.00336652
-0.00340555
-0.00344487
-0.00348447
-0.00352437
-0.00356456
-0.00360505
-0.00364583
-0.00368692
-0.00372831
-0.00377
-0.00381201
-0.00385432
-0.00389694
-0.00393988
-0.00398314
-0.00402671
-0.00407061
-0.00411483
-0.00415937
-0.00420425
-0.00424945
-0.00429499
-0.00434087
-0.00438708
-0.00443363
-0.00448053
-0.00452777
-0.00457536
-0.00462331
-0.0046716
-0.00472026
-0.00476927
-0.00481864
-0.00486838
-0.00491848
-0.00496895
-0.0050198
-0.00507102
-0.00512262
-0.0051746
-0.00522696
-0.00527971
-0.00533285
-0.00538638
-0.0054403
-0.00549463
-0.00554935
-0.00560448
-0.00566001
-0.00571595
-0.00577231
-0.00582908
-0.00588627
-0.00594388
-0.00600192
-0.00606038
-0.00611928
-0.00617861
-0.00623838
-0.00629859
-0.00635924
-0.00642034
-0.00648189
-0.0065439
-0.00660635
-0.00666929
-0.00673265
-0.00679654
-0.0068608
-0.00692571
-0.00699081
-0.00705684
-0.00712269
-0.00718993
-0.00725654
-0.00732484
-0.00739264
-0.00746126
-0.00753099
-0.00759912
-0.0076702
-0.007738
-0.00780604
-0.00787157
-0.00792948
-0.00797953
4.34855e-05
3.47132e-05
2.53541e-05
1.44498e-05
1.83211e-06
-1.15972e-05
-2.50824e-05
-3.90392e-05
-5.4383e-05
-7.11017e-05
-8.81528e-05
-0.000104958
-0.000122194
-0.000140517
-0.000159603
-0.000179108
-0.000199114
-0.000219201
-0.000238774
-0.000258292
-0.000278615
-0.000299612
-0.000320585
-0.000341322
-0.000361982
-0.000382732
-0.000403848
-0.000425478
-0.00044733
-0.000469045
-0.000490706
-0.000512605
-0.000534752
-0.000556947
-0.000579108
-0.000601314
-0.000623619
-0.00064599
-0.00066839
-0.000690815
-0.00071327
-0.000735747
-0.000758229
-0.000780707
-0.000803172
-0.000825622
-0.000848054
-0.000870469
-0.000892871
-0.000915267
-0.000937668
-0.000960085
-0.000982529
-0.00100501
-0.00102755
-0.00105015
-0.00107284
-0.00109561
-0.00111848
-0.00114145
-0.00116455
-0.00118777
-0.00121112
-0.0012346
-0.00125823
-0.00128201
-0.00130593
-0.00133001
-0.00135425
-0.00137865
-0.00140322
-0.00142795
-0.00145285
-0.00147793
-0.00150317
-0.0015286
-0.0015542
-0.00157998
-0.00160595
-0.0016321
-0.00165843
-0.00168496
-0.00171167
-0.00173857
-0.00176567
-0.00179296
-0.00182045
-0.00184814
-0.00187602
-0.00190411
-0.0019324
-0.0019609
-0.0019896
-0.00201851
-0.00204764
-0.00207697
-0.00210652
-0.00213628
-0.00216626
-0.00219646
-0.00222688
-0.00225753
-0.0022884
-0.00231949
-0.00235081
-0.00238236
-0.00241414
-0.00244616
-0.00247841
-0.0025109
-0.00254362
-0.00257659
-0.0026098
-0.00264325
-0.00267695
-0.0027109
-0.00274509
-0.00277954
-0.00281424
-0.0028492
-0.00288441
-0.00291989
-0.00295562
-0.00299162
-0.00302789
-0.00306442
-0.00310122
-0.00313829
-0.00317563
-0.00321325
-0.00325115
-0.00328933
-0.00332778
-0.00336653
-0.00340555
-0.00344487
-0.00348447
-0.00352437
-0.00356456
-0.00360505
-0.00364583
-0.00368692
-0.00372831
-0.00377
-0.00381201
-0.00385432
-0.00389694
-0.00393988
-0.00398314
-0.00402671
-0.00407061
-0.00411483
-0.00415937
-0.00420425
-0.00424945
-0.00429499
-0.00434087
-0.00438708
-0.00443363
-0.00448053
-0.00452777
-0.00457537
-0.00462331
-0.0046716
-0.00472026
-0.00476927
-0.00481864
-0.00486838
-0.00491848
-0.00496895
-0.0050198
-0.00507102
-0.00512262
-0.0051746
-0.00522696
-0.00527971
-0.00533285
-0.00538638
-0.0054403
-0.00549463
-0.00554935
-0.00560448
-0.00566001
-0.00571595
-0.00577231
-0.00582908
-0.00588627
-0.00594388
-0.00600192
-0.00606038
-0.00611928
-0.00617861
-0.00623838
-0.00629859
-0.00635924
-0.00642034
-0.00648189
-0.0065439
-0.00660635
-0.00666929
-0.00673265
-0.00679655
-0.0068608
-0.00692571
-0.00699081
-0.00705684
-0.00712269
-0.00718994
-0.00725655
-0.00732484
-0.00739265
-0.00746128
-0.00753101
-0.00759914
-0.00767024
-0.00773804
-0.00780608
-0.00787162
-0.00792954
-0.00797958
7.10608e-06
-2.20144e-06
-1.20593e-05
-2.25542e-05
-3.38694e-05
-4.60335e-05
-5.89297e-05
-7.24474e-05
-8.64974e-05
-0.000101047
-0.000116194
-0.000132083
-0.000148807
-0.000166396
-0.000184583
-0.000202775
-0.000220629
-0.000238441
-0.000256742
-0.000275706
-0.000295084
-0.000314579
-0.000334197
-0.000354137
-0.000374405
-0.000394791
-0.000415242
-0.000435916
-0.000456849
-0.000477875
-0.000498906
-0.00052004
-0.000541361
-0.000562828
-0.000584374
-0.000606001
-0.000627733
-0.000649566
-0.000671476
-0.000693448
-0.000715475
-0.000737551
-0.000759667
-0.000781813
-0.000803985
-0.00082618
-0.000848396
-0.000870633
-0.000892894
-0.000915183
-0.000937507
-0.000959872
-0.000982286
-0.00100476
-0.0010273
-0.00104991
-0.00107261
-0.00109541
-0.0011183
-0.00114131
-0.00116443
-0.00118767
-0.00121105
-0.00123455
-0.0012582
-0.001282
-0.00130594
-0.00133004
-0.00135429
-0.0013787
-0.00140327
-0.00142801
-0.00145292
-0.001478
-0.00150325
-0.00152867
-0.00155428
-0.00158006
-0.00160603
-0.00163217
-0.00165851
-0.00168503
-0.00171174
-0.00173864
-0.00176574
-0.00179303
-0.00182051
-0.0018482
-0.00187608
-0.00190416
-0.00193245
-0.00196095
-0.00198965
-0.00201856
-0.00204768
-0.00207701
-0.00210656
-0.00213632
-0.0021663
-0.00219649
-0.00222691
-0.00225755
-0.00228842
-0.00231951
-0.00235083
-0.00238238
-0.00241416
-0.00244617
-0.00247842
-0.00251091
-0.00254363
-0.0025766
-0.00260981
-0.00264326
-0.00267696
-0.0027109
-0.0027451
-0.00277955
-0.00281425
-0.00284921
-0.00288442
-0.00291989
-0.00295563
-0.00299163
-0.00302789
-0.00306442
-0.00310122
-0.00313829
-0.00317563
-0.00321325
-0.00325115
-0.00328933
-0.00332779
-0.00336653
-0.00340555
-0.00344487
-0.00348447
-0.00352437
-0.00356456
-0.00360505
-0.00364583
-0.00368692
-0.00372831
-0.00377
-0.00381201
-0.00385432
-0.00389694
-0.00393988
-0.00398314
-0.00402671
-0.00407061
-0.00411483
-0.00415937
-0.00420425
-0.00424945
-0.00429499
-0.00434087
-0.00438708
-0.00443363
-0.00448053
-0.00452777
-0.00457537
-0.00462331
-0.0046716
-0.00472026
-0.00476927
-0.00481864
-0.00486838
-0.00491848
-0.00496895
-0.0050198
-0.00507102
-0.00512262
-0.0051746
-0.00522696
-0.00527971
-0.00533285
-0.00538638
-0.0054403
-0.00549463
-0.00554935
-0.00560448
-0.00566001
-0.00571595
-0.00577231
-0.00582908
-0.00588627
-0.00594388
-0.00600192
-0.00606038
-0.00611928
-0.00617861
-0.00623838
-0.00629859
-0.00635924
-0.00642034
-0.00648189
-0.0065439
-0.00660636
-0.00666929
-0.00673266
-0.00679655
-0.00686081
-0.00692572
-0.00699081
-0.00705685
-0.0071227
-0.00718994
-0.00725656
-0.00732485
-0.00739266
-0.00746129
-0.00753104
-0.00759917
-0.00767027
-0.00773808
-0.00780613
-0.00787168
-0.00792959
-0.00797964
-2.76306e-05
-3.67438e-05
-4.63528e-05
-5.65181e-05
-6.73659e-05
-7.89145e-05
-9.1032e-05
-0.000103607
-0.000116716
-0.00013055
-0.000145171
-0.0001604
-0.000175997
-0.000191824
-0.000207814
-0.000224026
-0.000240725
-0.00025813
-0.000276079
-0.000294215
-0.000312424
-0.000330874
-0.0003497
-0.000368839
-0.000388153
-0.000407571
-0.000427132
-0.000446919
-0.000466958
-0.000487184
-0.000507539
-0.000528032
-0.000548698
-0.000569529
-0.000590492
-0.000611566
-0.000632754
-0.000654054
-0.000675456
-0.000696948
-0.000718522
-0.000740176
-0.000761901
-0.000783693
-0.000805548
-0.000827461
-0.000849431
-0.000871457
-0.000893541
-0.000915683
-0.000937886
-0.000960155
-0.000982495
-0.00100491
-0.00102741
-0.00105
-0.00107268
-0.00109546
-0.00111835
-0.00114136
-0.00116449
-0.00118774
-0.00121112
-0.00123463
-0.00125829
-0.00128209
-0.00130604
-0.00133014
-0.00135439
-0.00137881
-0.00140338
-0.00142813
-0.00145303
-0.00147811
-0.00150336
-0.00152879
-0.00155439
-0.00158017
-0.00160613
-0.00163228
-0.00165861
-0.00168513
-0.00171184
-0.00173873
-0.00176582
-0.00179311
-0.00182059
-0.00184827
-0.00187615
-0.00190423
-0.00193252
-0.00196101
-0.00198971
-0.00201861
-0.00204773
-0.00207706
-0.0021066
-0.00213636
-0.00216633
-0.00219653
-0.00222695
-0.00225758
-0.00228845
-0.00231954
-0.00235086
-0.0023824
-0.00241418
-0.00244619
-0.00247844
-0.00251093
-0.00254365
-0.00257661
-0.00260982
-0.00264327
-0.00267697
-0.00271091
-0.00274511
-0.00277956
-0.00281426
-0.00284921
-0.00288443
-0.0029199
-0.00295563
-0.00299163
-0.00302789
-0.00306442
-0.00310122
-0.00313829
-0.00317564
-0.00321326
-0.00325115
-0.00328933
-0.00332779
-0.00336653
-0.00340555
-0.00344487
-0.00348447
-0.00352437
-0.00356456
-0.00360505
-0.00364583
-0.00368692
-0.00372831
-0.00377001
-0.00381201
-0.00385432
-0.00389694
-0.00393988
-0.00398314
-0.00402671
-0.00407061
-0.00411483
-0.00415937
-0.00420425
-0.00424945
-0.00429499
-0.00434087
-0.00438708
-0.00443363
-0.00448053
-0.00452777
-0.00457537
-0.00462331
-0.0046716
-0.00472026
-0.00476927
-0.00481864
-0.00486838
-0.00491848
-0.00496895
-0.0050198
-0.00507102
-0.00512262
-0.0051746
-0.00522696
-0.00527971
-0.00533285
-0.00538638
-0.0054403
-0.00549463
-0.00554935
-0.00560448
-0.00566001
-0.00571595
-0.00577231
-0.00582908
-0.00588627
-0.00594388
-0.00600192
-0.00606038
-0.00611928
-0.00617861
-0.00623838
-0.00629859
-0.00635924
-0.00642034
-0.00648189
-0.0065439
-0.00660636
-0.00666929
-0.00673266
-0.00679655
-0.00686081
-0.00692572
-0.00699082
-0.00705685
-0.0071227
-0.00718995
-0.00725657
-0.00732487
-0.00739268
-0.00746131
-0.00753106
-0.0075992
-0.0076703
-0.00773812
-0.00780617
-0.00787172
-0.00792964
-0.00797969
-5.97749e-05
-6.87405e-05
-7.8221e-05
-8.82097e-05
-9.87152e-05
-0.00010975
-0.000121317
-0.000133413
-0.000146024
-0.000159108
-0.000172597
-0.000186436
-0.000200627
-0.000215257
-0.000230454
-0.000246262
-0.000262551
-0.000279112
-0.000295826
-0.000312744
-0.000329987
-0.000347594
-0.000365499
-0.000383637
-0.000402003
-0.000420612
-0.000439459
-0.000458529
-0.00047782
-0.000497318
-0.000516999
-0.000536848
-0.000556867
-0.000577056
-0.000597401
-0.000617892
-0.000638521
-0.000659284
-0.000680176
-0.000701188
-0.000722314
-0.000743547
-0.000764882
-0.000786315
-0.000807841
-0.000829457
-0.00085116
-0.000872949
-0.000894822
-0.000916782
-0.000938828
-0.000960963
-0.000983189
-0.00100551
-0.00102793
-0.00105045
-0.00107308
-0.00109582
-0.00111868
-0.00114166
-0.00116476
-0.001188
-0.00121136
-0.00123487
-0.00125851
-0.00128231
-0.00130625
-0.00133034
-0.00135459
-0.001379
-0.00140357
-0.00142831
-0.00145321
-0.00147829
-0.00150353
-0.00152895
-0.00155455
-0.00158032
-0.00160628
-0.00163242
-0.00165874
-0.00168526
-0.00171196
-0.00173885
-0.00176594
-0.00179322
-0.00182069
-0.00184837
-0.00187624
-0.00190432
-0.0019326
-0.00196108
-0.00198978
-0.00201868
-0.00204779
-0.00207712
-0.00210665
-0.00213641
-0.00216638
-0.00219657
-0.00222699
-0.00225762
-0.00228848
-0.00231957
-0.00235089
-0.00238243
-0.00241421
-0.00244622
-0.00247846
-0.00251095
-0.00254367
-0.00257663
-0.00260984
-0.00264329
-0.00267698
-0.00271093
-0.00274512
-0.00277957
-0.00281426
-0.00284922
-0.00288443
-0.0029199
-0.00295564
-0.00299164
-0.0030279
-0.00306443
-0.00310123
-0.0031383
-0.00317564
-0.00321326
-0.00325116
-0.00328933
-0.00332779
-0.00336653
-0.00340556
-0.00344487
-0.00348448
-0.00352437
-0.00356456
-0.00360505
-0.00364584
-0.00368692
-0.00372831
-0.00377001
-0.00381201
-0.00385432
-0.00389694
-0.00393988
-0.00398314
-0.00402671
-0.00407061
-0.00411483
-0.00415937
-0.00420425
-0.00424945
-0.00429499
-0.00434087
-0.00438708
-0.00443363
-0.00448053
-0.00452777
-0.00457537
-0.00462331
-0.0046716
-0.00472026
-0.00476927
-0.00481864
-0.00486838
-0.00491848
-0.00496895
-0.0050198
-0.00507102
-0.00512262
-0.0051746
-0.00522696
-0.00527971
-0.00533285
-0.00538638
-0.0054403
-0.00549463
-0.00554935
-0.00560448
-0.00566001
-0.00571595
-0.00577231
-0.00582908
-0.00588627
-0.00594388
-0.00600192
-0.00606038
-0.00611928
-0.00617861
-0.00623838
-0.00629859
-0.00635924
-0.00642034
-0.00648189
-0.0065439
-0.00660636
-0.00666929
-0.00673266
-0.00679655
-0.00686081
-0.00692572
-0.00699082
-0.00705686
-0.00712271
-0.00718996
-0.00725658
-0.00732488
-0.00739269
-0.00746133
-0.00753108
-0.00759923
-0.00767034
-0.00773816
-0.00780622
-0.00787177
-0.00792969
-0.00797974
-8.93837e-05
-9.82784e-05
-0.000107622
-0.000117408
-0.000127637
-0.000138311
-0.00014942
-0.000160942
-0.000172856
-0.000185166
-0.0001979
-0.000211096
-0.000224772
-0.000238911
-0.000253458
-0.000268329
-0.000283471
-0.000298904
-0.000314692
-0.000330861
-0.000347374
-0.000364175
-0.000381246
-0.000398594
-0.00041622
-0.000434105
-0.000452227
-0.000470574
-0.000489147
-0.000507941
-0.000526946
-0.000546148
-0.00056554
-0.000585119
-0.000604878
-0.000624809
-0.000644902
-0.000665153
-0.000685555
-0.000706101
-0.000726786
-0.000747605
-0.000768551
-0.000789621
-0.00081081
-0.000832116
-0.000853536
-0.000875067
-0.000896709
-0.00091846
-0.000940321
-0.000962291
-0.000984373
-0.00100657
-0.00102888
-0.00105131
-0.00107385
-0.00109652
-0.00111932
-0.00114224
-0.0011653
-0.00118849
-0.00121183
-0.0012353
-0.00125892
-0.00128269
-0.00130661
-0.00133069
-0.00135492
-0.00137932
-0.00140387
-0.00142859
-0.00145348
-0.00147854
-0.00150378
-0.00152919
-0.00155477
-0.00158054
-0.00160648
-0.00163261
-0.00165893
-0.00168543
-0.00171212
-0.00173901
-0.00176608
-0.00179335
-0.00182082
-0.00184849
-0.00187636
-0.00190443
-0.0019327
-0.00196118
-0.00198987
-0.00201876
-0.00204787
-0.00207719
-0.00210672
-0.00213647
-0.00216644
-0.00219663
-0.00222704
-0.00225767
-0.00228853
-0.00231961
-0.00235092
-0.00238246
-0.00241424
-0.00244625
-0.00247849
-0.00251097
-0.00254369
-0.00257665
-0.00260985
-0.0026433
-0.002677
-0.00271094
-0.00274513
-0.00277958
-0.00281428
-0.00284923
-0.00288444
-0.00291991
-0.00295565
-0.00299164
-0.0030279
-0.00306443
-0.00310123
-0.0031383
-0.00317564
-0.00321326
-0.00325116
-0.00328933
-0.00332779
-0.00336653
-0.00340556
-0.00344487
-0.00348448
-0.00352437
-0.00356456
-0.00360505
-0.00364584
-0.00368692
-0.00372831
-0.00377001
-0.00381201
-0.00385432
-0.00389695
-0.00393988
-0.00398314
-0.00402671
-0.00407061
-0.00411483
-0.00415937
-0.00420425
-0.00424945
-0.00429499
-0.00434087
-0.00438708
-0.00443363
-0.00448053
-0.00452777
-0.00457537
-0.00462331
-0.0046716
-0.00472026
-0.00476927
-0.00481864
-0.00486838
-0.00491848
-0.00496895
-0.0050198
-0.00507102
-0.00512262
-0.0051746
-0.00522696
-0.00527971
-0.00533285
-0.00538638
-0.0054403
-0.00549463
-0.00554935
-0.00560448
-0.00566001
-0.00571595
-0.00577231
-0.00582908
-0.00588627
-0.00594388
-0.00600192
-0.00606038
-0.00611928
-0.00617861
-0.00623838
-0.00629859
-0.00635924
-0.00642034
-0.00648189
-0.0065439
-0.00660636
-0.00666929
-0.00673266
-0.00679655
-0.00686081
-0.00692573
-0.00699082
-0.00705686
-0.00712271
-0.00718996
-0.00725659
-0.00732489
-0.00739271
-0.00746135
-0.00753111
-0.00759926
-0.00767037
-0.0077382
-0.00780626
-0.00787182
-0.00792973
-0.00797979
-0.000116271
-0.000125072
-0.000134268
-0.00014386
-0.000153842
-0.000164209
-0.000174956
-0.000186084
-0.000197599
-0.000209507
-0.000221806
-0.000234487
-0.00024753
-0.000260918
-0.000274645
-0.000288722
-0.000303166
-0.00031798
-0.00033314
-0.000348614
-0.000364383
-0.000380445
-0.000396802
-0.000413447
-0.000430364
-0.000447544
-0.000464977
-0.000482657
-0.000500579
-0.000518736
-0.000537118
-0.000555717
-0.000574526
-0.000593537
-0.000612746
-0.000632144
-0.000651725
-0.000671483
-0.000691412
-0.000711506
-0.000731762
-0.000752172
-0.000772733
-0.00079344
-0.00081429
-0.00083528
-0.000856406
-0.000877666
-0.000899058
-0.000920582
-0.000942235
-0.000964017
-0.000985929
-0.00100797
-0.00103014
-0.00105245
-0.00107489
-0.00109746
-0.00112017
-0.00114302
-0.00116601
-0.00118915
-0.00121243
-0.00123586
-0.00125943
-0.00128317
-0.00130705
-0.0013311
-0.00135531
-0.00137968
-0.00140421
-0.00142891
-0.00145378
-0.00147883
-0.00150404
-0.00152944
-0.00155501
-0.00158076
-0.0016067
-0.00163281
-0.00165912
-0.00168561
-0.00171229
-0.00173917
-0.00176623
-0.0017935
-0.00182096
-0.00184861
-0.00187647
-0.00190454
-0.0019328
-0.00196128
-0.00198996
-0.00201885
-0.00204795
-0.00207726
-0.00210679
-0.00213654
-0.0021665
-0.00219668
-0.00222709
-0.00225772
-0.00228857
-0.00231965
-0.00235096
-0.0023825
-0.00241427
-0.00244628
-0.00247852
-0.002511
-0.00254371
-0.00257667
-0.00260987
-0.00264332
-0.00267701
-0.00271095
-0.00274515
-0.00277959
-0.00281429
-0.00284924
-0.00288445
-0.00291992
-0.00295565
-0.00299165
-0.00302791
-0.00306444
-0.00310124
-0.00313831
-0.00317565
-0.00321327
-0.00325116
-0.00328934
-0.00332779
-0.00336653
-0.00340556
-0.00344487
-0.00348448
-0.00352437
-0.00356456
-0.00360505
-0.00364584
-0.00368692
-0.00372831
-0.00377001
-0.00381201
-0.00385432
-0.00389695
-0.00393988
-0.00398314
-0.00402671
-0.00407061
-0.00411483
-0.00415937
-0.00420425
-0.00424945
-0.00429499
-0.00434087
-0.00438708
-0.00443363
-0.00448053
-0.00452777
-0.00457537
-0.00462331
-0.0046716
-0.00472026
-0.00476927
-0.00481864
-0.00486838
-0.00491848
-0.00496896
-0.0050198
-0.00507102
-0.00512262
-0.0051746
-0.00522696
-0.00527971
-0.00533285
-0.00538638
-0.0054403
-0.00549463
-0.00554935
-0.00560448
-0.00566001
-0.00571595
-0.00577231
-0.00582908
-0.00588627
-0.00594388
-0.00600192
-0.00606038
-0.00611928
-0.00617861
-0.00623838
-0.00629859
-0.00635924
-0.00642034
-0.00648189
-0.0065439
-0.00660636
-0.00666929
-0.00673266
-0.00679655
-0.00686082
-0.00692573
-0.00699083
-0.00705687
-0.00712272
-0.00718997
-0.0072566
-0.0073249
-0.00739272
-0.00746137
-0.00753113
-0.00759928
-0.0076704
-0.00773824
-0.0078063
-0.00787186
-0.00792978
-0.00797983
-0.00014005
-0.000148864
-0.000158011
-0.000167495
-0.00017732
-0.000187492
-0.00019801
-0.000208876
-0.000220085
-0.000231632
-0.000243517
-0.000255741
-0.000268309
-0.000281224
-0.000294488
-0.000308097
-0.000322038
-0.000336296
-0.000350864
-0.000365736
-0.000380913
-0.00039639
-0.000412159
-0.00042821
-0.000444537
-0.000461133
-0.00047799
-0.000495102
-0.000512462
-0.000530063
-0.000547899
-0.000565963
-0.000584248
-0.00060275
-0.000621461
-0.000640375
-0.000659487
-0.000678792
-0.000698284
-0.000717958
-0.000737809
-0.000757832
-0.000778024
-0.00079838
-0.000818897
-0.000839571
-0.000860399
-0.000881379
-0.00090251
-0.000923788
-0.000945213
-0.000966783
-0.000988498
-0.00101036
-0.00103236
-0.00105451
-0.00107681
-0.00109925
-0.00112184
-0.00114457
-0.00116746
-0.0011905
-0.00121369
-0.00123704
-0.00126054
-0.0012842
-0.00130803
-0.00133201
-0.00135616
-0.00138048
-0.00140496
-0.00142962
-0.00145444
-0.00147945
-0.00150463
-0.00152998
-0.00155552
-0.00158124
-0.00160714
-0.00163323
-0.00165951
-0.00168598
-0.00171263
-0.00173948
-0.00176653
-0.00179377
-0.00182121
-0.00184885
-0.0018767
-0.00190474
-0.001933
-0.00196145
-0.00199012
-0.002019
-0.00204809
-0.00207739
-0.00210691
-0.00213665
-0.0021666
-0.00219678
-0.00222717
-0.0022578
-0.00228864
-0.00231972
-0.00235102
-0.00238256
-0.00241432
-0.00244632
-0.00247856
-0.00251103
-0.00254375
-0.0025767
-0.0026099
-0.00264335
-0.00267704
-0.00271098
-0.00274517
-0.00277961
-0.0028143
-0.00284925
-0.00288446
-0.00291993
-0.00295566
-0.00299166
-0.00302792
-0.00306445
-0.00310124
-0.00313831
-0.00317565
-0.00321327
-0.00325117
-0.00328934
-0.0033278
-0.00336654
-0.00340556
-0.00344488
-0.00348448
-0.00352438
-0.00356457
-0.00360505
-0.00364584
-0.00368692
-0.00372831
-0.00377001
-0.00381201
-0.00385432
-0.00389695
-0.00393988
-0.00398314
-0.00402671
-0.00407061
-0.00411483
-0.00415937
-0.00420425
-0.00424945
-0.00429499
-0.00434087
-0.00438708
-0.00443363
-0.00448053
-0.00452777
-0.00457537
-0.00462331
-0.0046716
-0.00472026
-0.00476927
-0.00481864
-0.00486838
-0.00491848
-0.00496896
-0.0050198
-0.00507102
-0.00512262
-0.0051746
-0.00522696
-0.00527971
-0.00533285
-0.00538638
-0.0054403
-0.00549463
-0.00554935
-0.00560448
-0.00566001
-0.00571595
-0.00577231
-0.00582908
-0.00588627
-0.00594388
-0.00600192
-0.00606038
-0.00611928
-0.00617861
-0.00623838
-0.00629859
-0.00635924
-0.00642034
-0.00648189
-0.0065439
-0.00660636
-0.00666929
-0.00673266
-0.00679656
-0.00686082
-0.00692573
-0.00699083
-0.00705687
-0.00712273
-0.00718998
-0.00725661
-0.00732492
-0.00739274
-0.00746139
-0.00753115
-0.00759931
-0.00767043
-0.00773827
-0.00780634
-0.00787189
-0.00792981
-0.00797987
-0.000158489
-0.000167211
-0.000176244
-0.000185598
-0.000195279
-0.000205288
-0.00021562
-0.000226272
-0.000237239
-0.000248518
-0.000260109
-0.000272016
-0.000284241
-0.000296786
-0.000309651
-0.000322831
-0.000336323
-0.000350122
-0.000364226
-0.000378629
-0.000393328
-0.000408319
-0.000423597
-0.000439159
-0.000454997
-0.000471105
-0.000487479
-0.000504113
-0.000521002
-0.000538142
-0.000555525
-0.000573146
-0.000591
-0.000609083
-0.000627387
-0.000645908
-0.000664641
-0.000683581
-0.000702723
-0.000722062
-0.000741594
-0.000761314
-0.000781218
-0.000801303
-0.000821564
-0.000841999
-0.000862604
-0.000883377
-0.000904314
-0.000925415
-0.000946676
-0.000968097
-0.000989677
-0.00101141
-0.00103331
-0.00105535
-0.00107756
-0.00109992
-0.00112244
-0.00114511
-0.00116794
-0.00119093
-0.00121408
-0.00123739
-0.00126086
-0.00128449
-0.00130829
-0.00133225
-0.00135638
-0.00138068
-0.00140515
-0.00142979
-0.00145461
-0.0014796
-0.00150477
-0.00153012
-0.00155565
-0.00158136
-0.00160726
-0.00163334
-0.00165961
-0.00168607
-0.00171273
-0.00173957
-0.00176662
-0.00179385
-0.00182129
-0.00184893
-0.00187677
-0.00190481
-0.00193306
-0.00196151
-0.00199018
-0.00201905
-0.00204814
-0.00207744
-0.00210696
-0.00213669
-0.00216664
-0.00219681
-0.00222721
-0.00225783
-0.00228867
-0.00231975
-0.00235105
-0.00238258
-0.00241434
-0.00244634
-0.00247858
-0.00251105
-0.00254377
-0.00257672
-0.00260992
-0.00264336
-0.00267705
-0.00271099
-0.00274517
-0.00277962
-0.00281431
-0.00284926
-0.00288447
-0.00291994
-0.00295567
-0.00299166
-0.00302792
-0.00306445
-0.00310125
-0.00313832
-0.00317566
-0.00321327
-0.00325117
-0.00328934
-0.0033278
-0.00336654
-0.00340556
-0.00344488
-0.00348448
-0.00352438
-0.00356457
-0.00360505
-0.00364584
-0.00368693
-0.00372831
-0.00377001
-0.00381201
-0.00385432
-0.00389695
-0.00393988
-0.00398314
-0.00402671
-0.00407061
-0.00411483
-0.00415937
-0.00420425
-0.00424945
-0.00429499
-0.00434087
-0.00438708
-0.00443363
-0.00448053
-0.00452777
-0.00457537
-0.00462331
-0.0046716
-0.00472026
-0.00476927
-0.00481864
-0.00486838
-0.00491848
-0.00496896
-0.0050198
-0.00507102
-0.00512262
-0.0051746
-0.00522696
-0.00527971
-0.00533285
-0.00538638
-0.0054403
-0.00549463
-0.00554935
-0.00560448
-0.00566001
-0.00571595
-0.00577231
-0.00582908
-0.00588627
-0.00594388
-0.00600192
-0.00606038
-0.00611928
-0.00617861
-0.00623838
-0.00629859
-0.00635924
-0.00642034
-0.00648189
-0.0065439
-0.00660636
-0.0066693
-0.00673267
-0.00679656
-0.00686082
-0.00692574
-0.00699084
-0.00705688
-0.00712273
-0.00718999
-0.00725662
-0.00732493
-0.00739275
-0.0074614
-0.00753117
-0.00759933
-0.00767046
-0.0077383
-0.00780636
-0.00787192
-0.00792984
-0.0079799
-0.000179153
-0.000188021
-0.000197168
-0.000206588
-0.000216277
-0.000226237
-0.000236474
-0.000246994
-0.000257804
-0.000268909
-0.000280314
-0.000292017
-0.000304019
-0.000316316
-0.000328907
-0.000341789
-0.000354961
-0.000368422
-0.000382171
-0.000396206
-0.000410524
-0.000425121
-0.000439994
-0.000455139
-0.000470551
-0.000486228
-0.000502166
-0.00051836
-0.000534806
-0.000551499
-0.000568436
-0.000585611
-0.00060302
-0.00062066
-0.000638524
-0.00065661
-0.000674913
-0.000693428
-0.000712152
-0.000731081
-0.000750211
-0.000769537
-0.000789058
-0.000808768
-0.000828666
-0.000848748
-0.000869012
-0.000889455
-0.000910074
-0.000930869
-0.000951836
-0.000972975
-0.000994284
-0.00101576
-0.00103741
-0.00105922
-0.0010812
-0.00110335
-0.00112567
-0.00114815
-0.0011708
-0.00119361
-0.0012166
-0.00123975
-0.00126307
-0.00128657
-0.00131024
-0.00133408
-0.00135809
-0.00138228
-0.00140665
-0.00143119
-0.00145591
-0.00148082
-0.00150591
-0.00153118
-0.00155664
-0.00158228
-0.00160812
-0.00163414
-0.00166035
-0.00168676
-0.00171337
-0.00174017
-0.00176716
-0.00179436
-0.00182176
-0.00184936
-0.00187717
-0.00190518
-0.0019334
-0.00196183
-0.00199047
-0.00201932
-0.00204838
-0.00207766
-0.00210716
-0.00213688
-0.00216681
-0.00219697
-0.00222735
-0.00225796
-0.00228879
-0.00231986
-0.00235115
-0.00238267
-0.00241443
-0.00244642
-0.00247865
-0.00251111
-0.00254382
-0.00257677
-0.00260996
-0.0026434
-0.00267709
-0.00271102
-0.00274521
-0.00277964
-0.00281434
-0.00284928
-0.00288449
-0.00291996
-0.00295569
-0.00299168
-0.00302794
-0.00306446
-0.00310126
-0.00313832
-0.00317567
-0.00321328
-0.00325118
-0.00328935
-0.0033278
-0.00336654
-0.00340557
-0.00344488
-0.00348448
-0.00352438
-0.00356457
-0.00360506
-0.00364584
-0.00368693
-0.00372832
-0.00377001
-0.00381201
-0.00385432
-0.00389695
-0.00393989
-0.00398314
-0.00402671
-0.00407061
-0.00411483
-0.00415938
-0.00420425
-0.00424945
-0.00429499
-0.00434087
-0.00438708
-0.00443363
-0.00448053
-0.00452777
-0.00457537
-0.00462331
-0.0046716
-0.00472026
-0.00476927
-0.00481864
-0.00486838
-0.00491848
-0.00496896
-0.0050198
-0.00507102
-0.00512262
-0.0051746
-0.00522696
-0.00527971
-0.00533285
-0.00538638
-0.0054403
-0.00549463
-0.00554935
-0.00560448
-0.00566001
-0.00571595
-0.00577231
-0.00582908
-0.00588627
-0.00594388
-0.00600192
-0.00606038
-0.00611928
-0.00617861
-0.00623838
-0.00629859
-0.00635924
-0.00642034
-0.0064819
-0.0065439
-0.00660636
-0.0066693
-0.00673267
-0.00679656
-0.00686082
-0.00692574
-0.00699084
-0.00705688
-0.00712274
-0.00719
-0.00725663
-0.00732494
-0.00739277
-0.00746142
-0.00753119
-0.00759935
-0.00767048
-0.00773833
-0.0078064
-0.00787196
-0.00792988
-0.00797993
)
;

boundaryField
{
    zeroGradient_plane
    {
        type            zeroGradient;
    }
    inlet
    {
        type            zeroGradient;
    }
    plate
    {
        type            zeroGradient;
    }
    frontAndBack
    {
        type            empty;
    }
}


// ************************************************************************* //
