/*--------------------------------*- C++ -*----------------------------------*\
| =========                 |                                                 |
| \\      /  F ield         | OpenFOAM: The Open Source CFD Toolbox           |
|  \\    /   O peration     | Version:  v1906                                 |
|   \\  /    A nd           | Web:      www.OpenFOAM.com                      |
|    \\/     M anipulation  |                                                 |
\*---------------------------------------------------------------------------*/
FoamFile
{
    version     2.0;
    format      ascii;
    class       volScalarField;
    location    "0.4";
    object      p;
}
// * * * * * * * * * * * * * * * * * * * * * * * * * * * * * * * * * * * * * //

dimensions      [0 2 -2 0 0 0 0];


internalField   nonuniform List<scalar> 
4800
(
-2.49462e-11
1.40234e-05
4.53962e-05
8.7085e-05
0.000132876
0.000180765
0.000226436
0.000267483
0.000304125
0.000328121
0.000324075
0.000268523
0.000134266
-9.0009e-05
-0.000382582
-0.000699308
-0.000993923
-0.00122591
-0.00135341
-0.00131787
5.43414e-06
1.68365e-05
3.95449e-05
7.80018e-05
0.000129325
0.000181033
0.000229598
0.000278086
0.000319031
0.000333279
0.000300489
0.000203928
3.38372e-05
-0.000203344
-0.000478487
-0.000759998
-0.00101771
-0.00122285
-0.00134144
-0.00132548
6.38691e-06
1.79412e-05
3.87802e-05
7.24735e-05
0.000123422
0.000180963
0.000234158
0.000278182
0.000302109
0.000291768
0.000236173
0.000126131
-3.90018e-05
-0.000249019
-0.000489621
-0.000737542
-0.000966164
-0.00114941
-0.00125516
-0.00123995
6.98618e-06
1.88852e-05
4.27626e-05
7.11073e-05
0.000110181
0.000167625
0.000226445
0.000266609
0.000276533
0.000247626
0.000177494
6.59333e-05
-8.76026e-05
-0.000279055
-0.000495478
-0.00071749
-0.00092416
-0.00109191
-0.0011913
-0.00118214
7.64045e-06
1.81577e-05
4.11995e-05
7.11365e-05
0.000103762
0.000149008
0.000201781
0.000239615
0.000242898
0.000204181
0.000125058
1.08442e-05
-0.000136319
-0.00031274
-0.00050607
-0.000698375
-0.000872158
-0.00100964
-0.00108817
-0.00107544
7.44886e-06
1.76646e-05
3.7969e-05
6.7288e-05
9.85558e-05
0.000130861
0.00016569
0.000193637
0.000196963
0.000159123
7.86154e-05
-3.67659e-05
-0.000179049
-0.000340624
-0.000509196
-0.000669286
-0.00080693
-0.000910152
-0.000963995
-0.000945852
5.94621e-06
1.5857e-05
3.38676e-05
5.90821e-05
8.70501e-05
0.000111517
0.000130297
0.000141284
0.000137271
0.000105071
3.3734e-05
-7.34701e-05
-0.000205814
-0.000351287
-0.000498066
-0.000632955
-0.000743313
-0.000819808
-0.000853272
-0.000829424
3.2657e-06
1.22799e-05
2.82364e-05
4.79146e-05
6.86085e-05
8.66205e-05
9.56591e-05
9.20707e-05
7.57774e-05
4.32285e-05
-1.37259e-05
-0.000100843
-0.000214422
-0.000343908
-0.000475511
-0.000594453
-0.000687469
-0.000745535
-0.000762505
-0.000731416
-7.53172e-07
6.65303e-06
1.92746e-05
3.38674e-05
4.68275e-05
5.62048e-05
5.83481e-05
4.69196e-05
2.1179e-05
-1.49609e-05
-6.34505e-05
-0.000131005
-0.000221313
-0.000329574
-0.00044459
-0.000550674
-0.000633464
-0.000682738
-0.000691893
-0.000657237
-6.83019e-06
-1.21585e-06
7.20575e-06
1.65293e-05
2.27853e-05
2.39957e-05
1.88295e-05
3.14314e-06
-2.57389e-05
-6.4683e-05
-0.000109975
-0.000164708
-0.000233438
-0.00031714
-0.000409287
-0.000499297
-0.000574355
-0.000622646
-0.000636039
-0.000608642
-1.52279e-05
-1.16922e-05
-7.40117e-06
-3.82123e-06
-3.49252e-06
-8.74375e-06
-1.98057e-05
-3.88579e-05
-6.82649e-05
-0.000106083
-0.000148947
-0.000195724
-0.000249658
-0.000312256
-0.00038168
-0.000451608
-0.000514028
-0.00056057
-0.000582256
-0.000571219
-2.62176e-05
-2.47808e-05
-2.4362e-05
-2.62191e-05
-3.1314e-05
-4.14005e-05
-5.68967e-05
-7.80579e-05
-0.000106843
-0.000142172
-0.000180752
-0.000221352
-0.000265143
-0.000313855
-0.00036562
-0.000416928
-0.000464124
-0.000502983
-0.000528434
-0.000532451
-3.97094e-05
-4.04781e-05
-4.34201e-05
-4.95237e-05
-5.96417e-05
-7.34869e-05
-9.14289e-05
-0.000113872
-0.000141594
-0.000174021
-0.000208253
-0.000242665
-0.000278695
-0.000317554
-0.000358222
-0.00039718
-0.00043143
-0.000460098
-0.000481614
-0.000492039
-5.55203e-05
-5.81704e-05
-6.42346e-05
-7.34697e-05
-8.69574e-05
-0.000104065
-0.000123741
-0.000146228
-0.000172488
-0.000202006
-0.000232488
-0.000262007
-0.000291282
-0.000322501
-0.000355614
-0.000387542
-0.000414429
-0.000434712
-0.000449342
-0.000458291
-7.32698e-05
-7.73591e-05
-8.58402e-05
-9.76286e-05
-0.000113216
-0.000132281
-0.000153298
-0.000175463
-0.000199761
-0.000226585
-0.000254049
-0.0002801
-0.000304658
-0.000329639
-0.000356213
-0.000382778
-0.000405843
-0.000422613
-0.000432898
-0.000438288
-9.22061e-05
-9.7343e-05
-0.000107504
-0.000121156
-0.000138039
-0.000157935
-0.000179601
-0.00020167
-0.000224261
-0.000248335
-0.000273165
-0.000296751
-0.000318247
-0.000338771
-0.000359929
-0.00038162
-0.000401581
-0.000417042
-0.00042666
-0.000431131
-0.000111401
-0.000117215
-0.00012839
-0.00014329
-0.00016098
-0.000181126
-0.000202774
-0.000224601
-0.000246097
-0.000267897
-0.000290161
-0.000311731
-0.000331415
-0.000349402
-0.000366867
-0.000384451
-0.000401303
-0.00041552
-0.000425539
-0.000431178
-0.000129671
-0.000135916
-0.000147575
-0.000163118
-0.000181228
-0.000201292
-0.000222648
-0.000244215
-0.000265123
-0.000285452
-0.00030561
-0.000325246
-0.000343493
-0.000360034
-0.000375475
-0.000390605
-0.000405454
-0.000419072
-0.000430145
-0.000437852
-0.000145928
-0.000152223
-0.000163848
-0.000179409
-0.000197558
-0.000217393
-0.000238278
-0.000259425
-0.000280006
-0.000299659
-0.000318512
-0.000336622
-0.000353649
-0.000369186
-0.000383255
-0.000396325
-0.000408843
-0.000420791
-0.00043164
-0.00044071
-0.000160194
-0.00016718
-0.000179349
-0.000195361
-0.000213954
-0.000234083
-0.000254986
-0.000276
-0.000296458
-0.000315866
-0.000334101
-0.000351241
-0.000367265
-0.000382009
-0.000395398
-0.000407605
-0.000418949
-0.000429653
-0.000439692
-0.000448851
-0.00104233
-0.000573119
-5.30107e-05
0.000384977
0.000689303
0.000843442
0.000854295
0.000753764
0.000587132
0.000397022
0.000211628
4.34764e-05
-0.000103827
-0.000226431
-0.00031505
-0.000359527
-0.000359293
-0.000329705
-0.000297871
-0.000289923
-0.0003165
-0.000366387
-0.000416174
-0.000448608
-0.000464948
-0.000482232
-0.000516575
-0.00056827
-0.00062226
-0.000660547
-0.00067642
-0.000679223
-0.000685978
-0.000708342
-0.0007437
-0.000777554
-0.000798493
-0.000811231
-0.000832024
-0.000869786
-0.000913957
-0.000945735
-0.000959216
-0.000965897
-0.000981494
-0.00101138
-0.00104635
-0.001073
-0.00108963
-0.00110848
-0.00113968
-0.00117562
-0.0011994
-0.00120941
-0.00122378
-0.00125583
-0.00129633
-0.00132761
-0.00134757
-0.00137006
-0.00140206
-0.00143299
-0.00145387
-0.00147371
-0.0015032
-0.00153538
-0.00155854
-0.00157616
-0.0015983
-0.00162539
-0.00165307
-0.00168193
-0.00171313
-0.00174392
-0.00177267
-0.00180136
-0.00183145
-0.00186194
-0.00189114
-0.00191827
-0.00194508
-0.00197504
-0.00200883
-0.00204268
-0.00207352
-0.00210288
-0.00213366
-0.00216572
-0.00219737
-0.00222859
-0.00226066
-0.00229397
-0.00232766
-0.00236102
-0.00239423
-0.00242799
-0.00246277
-0.00249831
-0.00253392
-0.00256919
-0.00260469
-0.0026415
-0.00267995
-0.00271904
-0.00275738
-0.00279485
-0.00283307
-0.00287415
-0.00291852
-0.0029643
-0.00300874
-0.00305062
-0.00309159
-0.00313573
-0.00318699
-0.00324661
-0.00331221
-0.00337853
-0.00343915
-0.00348883
-0.00352527
-0.00354852
-0.0035598
-0.00356916
-0.00357558
-0.00358216
-0.00359247
-0.00360585
-0.00362264
-0.00364251
-0.00366488
-0.00368922
-0.00371503
-0.00374195
-0.00376973
-0.00379819
-0.00382722
-0.00385675
-0.00388672
-0.0039171
-0.00394785
-0.00397896
-0.00401041
-0.0040422
-0.00407433
-0.00410677
-0.00413952
-0.00417258
-0.00420593
-0.00423959
-0.00427352
-0.00430775
-0.00434226
-0.00437706
-0.00441212
-0.00444749
-0.00448311
-0.00451904
-0.0045552
-0.00459171
-0.00462841
-0.00466549
-0.00470274
-0.00474041
-0.0047782
-0.00481645
-0.0048548
-0.00489362
-0.00493256
-0.00497194
-0.00501149
-0.00505141
-0.00509163
-0.00513204
-0.00517297
-0.00521386
-0.0052555
-0.00529693
-0.00533922
-0.00538129
-0.00542411
-0.00546697
-0.00551021
-0.00555394
-0.00559762
-0.00564212
-0.0056864
-0.00573148
-0.00577662
-0.00582211
-0.00586816
-0.00591413
-0.00596094
-0.00600771
-0.00605497
-0.0061027
-0.00615042
-0.00619899
-0.00624744
-0.00629657
-0.00634597
-0.00639557
-0.00644589
-0.00649613
-0.00654715
-0.00659828
-0.00664973
-0.00670191
-0.00675379
-0.00680662
-0.00685929
-0.00691217
-0.00696534
-0.00701809
-0.00707047
-0.00712223
-0.00717226
-0.00722058
-0.00726551
-0.00730642
-0.00110701
-0.000695353
-0.000204917
0.00023008
0.000544932
0.000718613
0.000756328
0.000685905
0.000547701
0.000380597
0.000211282
5.21182e-05
-9.27101e-05
-0.000217782
-0.000312126
-0.000363865
-0.000370063
-0.000344015
-0.000312415
-0.000302449
-0.000326325
-0.000373655
-0.000420838
-0.000450551
-0.000464934
-0.000482149
-0.000518262
-0.000572069
-0.000627054
-0.000665127
-0.000680438
-0.000683003
-0.000689537
-0.000711021
-0.000745286
-0.000779036
-0.000800914
-0.00081426
-0.000834409
-0.000871185
-0.000915487
-0.000948302
-0.000962139
-0.000967961
-0.000982696
-0.00101274
-0.0010484
-0.0010754
-0.00109177
-0.00110997
-0.00114079
-0.00117737
-0.00120215
-0.00121193
-0.00122497
-0.00125645
-0.0012977
-0.00132955
-0.00134893
-0.00137062
-0.00140281
-0.00143444
-0.00145521
-0.00147427
-0.00150374
-0.00153681
-0.00156044
-0.00157772
-0.00159968
-0.00162698
-0.00165465
-0.00168325
-0.00171443
-0.00174532
-0.00177392
-0.00180235
-0.00183235
-0.00186296
-0.00189229
-0.00191943
-0.00194607
-0.00197591
-0.00200985
-0.00204389
-0.00207461
-0.00210369
-0.00213436
-0.00216658
-0.00219837
-0.00222957
-0.00226156
-0.00229486
-0.00232859
-0.00236195
-0.0023951
-0.00242878
-0.00246354
-0.00249915
-0.00253479
-0.00257001
-0.00260539
-0.00264212
-0.00268058
-0.00271971
-0.00275804
-0.00279541
-0.00283349
-0.0028744
-0.00291867
-0.00296439
-0.00300874
-0.00305045
-0.00309121
-0.00313497
-0.00318568
-0.0032446
-0.00330929
-0.0033745
-0.00343414
-0.00348335
-0.00351964
-0.0035431
-0.00355712
-0.00356717
-0.00357367
-0.00358201
-0.0035925
-0.00360655
-0.00362378
-0.00364383
-0.00366622
-0.00369044
-0.00371607
-0.00374279
-0.00377038
-0.00379867
-0.00382757
-0.003857
-0.00388689
-0.00391721
-0.00394792
-0.003979
-0.00401044
-0.0040422
-0.00407433
-0.00410677
-0.00413952
-0.00417258
-0.00420593
-0.00423958
-0.00427352
-0.00430775
-0.00434225
-0.00437706
-0.00441212
-0.00444749
-0.0044831
-0.00451904
-0.0045552
-0.00459171
-0.00462841
-0.0046655
-0.00470274
-0.00474041
-0.00477819
-0.00481645
-0.00485479
-0.00489363
-0.00493255
-0.00497194
-0.00501149
-0.00505141
-0.00509163
-0.00513203
-0.00517298
-0.00521386
-0.00525551
-0.00529692
-0.00533922
-0.00538129
-0.00542411
-0.00546696
-0.00551021
-0.00555394
-0.00559762
-0.00564211
-0.0056864
-0.00573149
-0.00577661
-0.00582211
-0.00586816
-0.00591409
-0.00596094
-0.00600771
-0.00605498
-0.0061027
-0.0061504
-0.00619899
-0.00624744
-0.00629657
-0.00634596
-0.00639557
-0.0064459
-0.00649612
-0.00654716
-0.00659827
-0.00664974
-0.0067019
-0.00675379
-0.00680662
-0.00685931
-0.00691216
-0.0069654
-0.00701806
-0.00707054
-0.0071222
-0.00717234
-0.00722058
-0.00726579
-0.00730724
-0.00104635
-0.000681426
-0.000240673
0.000157104
0.000449986
0.000616716
0.000662611
0.000612737
0.000501902
0.00036246
0.000216153
7.31218e-05
-6.31102e-05
-0.000187288
-0.0002876
-0.000349785
-0.000367125
-0.000349368
-0.000321752
-0.000312203
-0.0003346
-0.000379614
-0.000423148
-0.000447572
-0.000457104
-0.000472785
-0.000511259
-0.000569125
-0.000626957
-0.000665578
-0.000680441
-0.000683142
-0.000690121
-0.00071099
-0.000743722
-0.000776768
-0.000799389
-0.000813508
-0.000833328
-0.000869415
-0.00091396
-0.000947817
-0.00096204
-0.000966955
-0.000980726
-0.00101099
-0.00104759
-0.0010751
-0.00109118
-0.00110887
-0.00113997
-0.00117807
-0.00120434
-0.00121386
-0.00122546
-0.00125643
-0.00129856
-0.00133079
-0.00134892
-0.00136912
-0.00140118
-0.00143315
-0.00145304
-0.00147083
-0.00150073
-0.00153558
-0.0015604
-0.00157812
-0.00160094
-0.00162941
-0.00165753
-0.0016859
-0.00171667
-0.00174683
-0.00177416
-0.00180129
-0.00183081
-0.00186203
-0.00189263
-0.00192087
-0.0019479
-0.00197743
-0.00201065
-0.00204384
-0.00207399
-0.00210315
-0.0021344
-0.00216709
-0.00219899
-0.00223019
-0.00226225
-0.00229547
-0.0023289
-0.00236212
-0.00239557
-0.00242969
-0.0024644
-0.00249945
-0.00253469
-0.00257023
-0.00260636
-0.00264333
-0.00268104
-0.00271904
-0.00275705
-0.00279537
-0.00283483
-0.00287608
-0.00291887
-0.00296208
-0.00300475
-0.00304696
-0.00309004
-0.00313617
-0.00318697
-0.00324229
-0.00330006
-0.0033568
-0.00340854
-0.00345219
-0.00348667
-0.00351384
-0.00353634
-0.00354957
-0.00356131
-0.00357314
-0.00358682
-0.00360289
-0.00362139
-0.00364218
-0.003665
-0.00368948
-0.00371528
-0.00374213
-0.00376984
-0.00379824
-0.00382723
-0.00385673
-0.00388669
-0.00391706
-0.00394782
-0.00397893
-0.00401039
-0.00404216
-0.00407431
-0.00410675
-0.00413951
-0.00417257
-0.00420592
-0.00423957
-0.00427351
-0.00430774
-0.00434225
-0.00437705
-0.00441212
-0.00444748
-0.0044831
-0.00451904
-0.0045552
-0.00459171
-0.00462841
-0.00466549
-0.00470274
-0.00474041
-0.0047782
-0.00481645
-0.00485479
-0.00489363
-0.00493255
-0.00497194
-0.00501149
-0.00505141
-0.00509162
-0.00513205
-0.00517296
-0.00521387
-0.00525549
-0.00529694
-0.00533922
-0.00538128
-0.00542412
-0.00546694
-0.00551024
-0.0055539
-0.00559767
-0.00564209
-0.00568642
-0.00573149
-0.00577659
-0.00582215
-0.00586812
-0.00591422
-0.00596092
-0.00600771
-0.006055
-0.00610266
-0.00615049
-0.00619896
-0.00624744
-0.00629659
-0.00634593
-0.00639561
-0.00644588
-0.00649611
-0.00654719
-0.00659823
-0.00664978
-0.00670187
-0.00675381
-0.00680664
-0.00685929
-0.00691219
-0.00696542
-0.00701804
-0.00707061
-0.00712221
-0.00717237
-0.00722069
-0.00726607
-0.00730781
-0.00101297
-0.00069076
-0.00029935
5.65734e-05
0.000321059
0.000474529
0.000522614
0.000488637
0.000403298
0.000293317
0.000174856
5.42547e-05
-6.64021e-05
-0.000181847
-0.000280077
-0.000346008
-0.000370735
-0.000361006
-0.000339724
-0.000333979
-0.000358075
-0.000403305
-0.000444803
-0.00046362
-0.000465157
-0.000474326
-0.000510937
-0.000571324
-0.000632811
-0.00067315
-0.00068787
-0.000690793
-0.000699004
-0.000720346
-0.000751587
-0.000782239
-0.000803162
-0.000816694
-0.000836711
-0.000873374
-0.000918385
-0.000952475
-0.000966951
-0.000971991
-0.00098541
-0.00101517
-0.0010516
-0.00107911
-0.00109503
-0.00111251
-0.00114382
-0.00118273
-0.00120964
-0.00121864
-0.0012288
-0.0012587
-0.00130077
-0.00133343
-0.00135146
-0.00137101
-0.00140289
-0.00143531
-0.00145518
-0.00147238
-0.00150253
-0.00153875
-0.00156458
-0.00158216
-0.00160453
-0.00163282
-0.00166078
-0.00168887
-0.00171941
-0.0017493
-0.00177624
-0.00180322
-0.00183303
-0.00186471
-0.00189548
-0.00192345
-0.00194997
-0.00197917
-0.00201242
-0.00204578
-0.00207593
-0.002105
-0.00213624
-0.00216903
-0.00220097
-0.00223207
-0.002264
-0.00229719
-0.0023307
-0.002364
-0.00239739
-0.00243127
-0.00246582
-0.00250096
-0.00253643
-0.002572
-0.00260777
-0.00264423
-0.00268175
-0.0027201
-0.00275863
-0.00279703
-0.00283578
-0.00287578
-0.00291761
-0.00296094
-0.00300464
-0.00304785
-0.00309097
-0.00313551
-0.00318307
-0.00323444
-0.00328885
-0.00334369
-0.00339561
-0.00344159
-0.0034793
-0.00350769
-0.00352933
-0.0035479
-0.00355793
-0.00357149
-0.00358659
-0.00360359
-0.00362261
-0.00364363
-0.00366646
-0.00369081
-0.00371642
-0.00374306
-0.00377055
-0.00379877
-0.00382761
-0.003857
-0.00388687
-0.00391718
-0.00394791
-0.00397896
-0.00401041
-0.0040422
-0.00407429
-0.00410673
-0.00413948
-0.00417254
-0.0042059
-0.00423956
-0.0042735
-0.00430773
-0.00434224
-0.00437704
-0.00441211
-0.00444748
-0.00448309
-0.00451903
-0.00455519
-0.0045917
-0.00462841
-0.00466549
-0.00470273
-0.0047404
-0.00477819
-0.00481645
-0.00485479
-0.00489363
-0.00493255
-0.00497194
-0.00501149
-0.00505141
-0.00509162
-0.00513204
-0.00517296
-0.00521387
-0.00525549
-0.00529693
-0.00533922
-0.00538128
-0.00542413
-0.00546693
-0.00551025
-0.00555389
-0.00559764
-0.00564208
-0.00568642
-0.00573149
-0.00577658
-0.00582217
-0.00586811
-0.00591422
-0.00596092
-0.0060077
-0.00605502
-0.00610265
-0.0061505
-0.00619895
-0.00624745
-0.0062966
-0.00634592
-0.00639561
-0.00644588
-0.0064961
-0.00654721
-0.00659821
-0.0066498
-0.00670186
-0.00675382
-0.00680665
-0.00685929
-0.00691221
-0.00696544
-0.00701805
-0.00707066
-0.00712225
-0.00717241
-0.00722082
-0.0072663
-0.00730831
-0.000929406
-0.000655596
-0.000322986
-1.94336e-05
0.000206981
0.000339461
0.000384045
0.000361848
0.000299137
0.000217248
0.000126933
3.03456e-05
-7.2289e-05
-0.000175773
-0.000267477
-0.000331739
-0.000358969
-0.000354533
-0.000339495
-0.000339406
-0.000368217
-0.000417548
-0.000461654
-0.000479207
-0.00047408
-0.000473597
-0.000503085
-0.000562304
-0.000627039
-0.000670649
-0.0006862
-0.000689438
-0.000699943
-0.000724608
-0.000757262
-0.000785868
-0.000802587
-0.000812698
-0.000832152
-0.000870711
-0.000917626
-0.000951958
-0.000966281
-0.000972254
-0.000986507
-0.00101547
-0.00105019
-0.0010767
-0.00109283
-0.00111093
-0.00114273
-0.00118254
-0.00121075
-0.00122016
-0.0012293
-0.00125782
-0.00129944
-0.00133285
-0.0013518
-0.00137117
-0.00140212
-0.00143424
-0.00145411
-0.00147044
-0.00149979
-0.00153696
-0.00156446
-0.00158242
-0.00160431
-0.0016328
-0.0016615
-0.00169003
-0.0017207
-0.00175038
-0.00177652
-0.00180256
-0.00183208
-0.00186406
-0.00189522
-0.00192356
-0.00195046
-0.00197981
-0.00201283
-0.00204577
-0.00207559
-0.00210455
-0.00213593
-0.00216894
-0.00220101
-0.00223219
-0.00226418
-0.00229735
-0.0023307
-0.00236386
-0.00239733
-0.00243149
-0.00246614
-0.00250099
-0.00253606
-0.00257157
-0.00260774
-0.0026446
-0.00268197
-0.00271954
-0.00275728
-0.00279558
-0.00283497
-0.0028757
-0.00291751
-0.00295962
-0.00300145
-0.00304321
-0.003086
-0.00313104
-0.00317901
-0.00322964
-0.00328126
-0.00333119
-0.00337688
-0.00341668
-0.00345017
-0.00347819
-0.00350159
-0.00352148
-0.00354126
-0.00355986
-0.00357815
-0.00359753
-0.00361819
-0.00364037
-0.003664
-0.00368891
-0.00371492
-0.00374186
-0.00376959
-0.00379799
-0.00382699
-0.00385651
-0.00388649
-0.00391687
-0.00394766
-0.00397877
-0.00401024
-0.00404209
-0.00407422
-0.00410667
-0.00413944
-0.0041725
-0.00420587
-0.00423953
-0.00427347
-0.00430771
-0.00434222
-0.00437702
-0.00441209
-0.00444746
-0.00448308
-0.00451902
-0.00455519
-0.00459169
-0.0046284
-0.00466549
-0.00470273
-0.0047404
-0.00477819
-0.00481645
-0.00485479
-0.00489363
-0.00493254
-0.00497195
-0.00501148
-0.00505142
-0.00509161
-0.00513206
-0.00517295
-0.00521388
-0.00525549
-0.00529693
-0.00533922
-0.00538127
-0.00542414
-0.00546691
-0.00551028
-0.00555385
-0.00559766
-0.00564207
-0.00568641
-0.00573151
-0.00577655
-0.0058222
-0.00586807
-0.00591424
-0.00596092
-0.00600768
-0.00605505
-0.0061026
-0.00615053
-0.00619895
-0.00624743
-0.00629663
-0.00634589
-0.00639563
-0.00644588
-0.00649608
-0.00654724
-0.00659818
-0.00664983
-0.00670186
-0.00675381
-0.00680669
-0.00685928
-0.00691224
-0.00696547
-0.00701806
-0.00707071
-0.0071223
-0.00717246
-0.00722096
-0.00726653
-0.00730873
-0.00082507
-0.000605269
-0.000338128
-9.25424e-05
9.17487e-05
0.000200325
0.000238788
0.000225821
0.000183419
0.000127732
6.43509e-05
-8.88705e-06
-9.39819e-05
-0.000185947
-0.000271031
-0.000332121
-0.000358819
-0.000355957
-0.000344019
-0.000347914
-0.000381255
-0.000435656
-0.000484837
-0.00050513
-0.000496898
-0.000487114
-0.000506486
-0.000560941
-0.000627185
-0.000674376
-0.000690894
-0.000692469
-0.000703149
-0.000732166
-0.000769989
-0.000799578
-0.000811821
-0.000815338
-0.000830792
-0.00087012
-0.000920494
-0.000956872
-0.00097084
-0.000976852
-0.000992585
-0.00102216
-0.00105544
-0.00108006
-0.00109542
-0.00111356
-0.00114568
-0.00118675
-0.00121703
-0.00122695
-0.00123388
-0.00125981
-0.00130083
-0.00133498
-0.0013543
-0.00137345
-0.0014044
-0.00143693
-0.00145676
-0.00147212
-0.00150089
-0.00153929
-0.00156882
-0.00158738
-0.00160839
-0.00163616
-0.00166475
-0.00169321
-0.0017239
-0.00175366
-0.00177941
-0.00180476
-0.00183424
-0.00186689
-0.00189848
-0.00192659
-0.00195299
-0.00198199
-0.00201493
-0.00204798
-0.00207788
-0.00210676
-0.00213805
-0.00217111
-0.00220328
-0.00223439
-0.00226623
-0.00229933
-0.00233276
-0.00236599
-0.0023994
-0.00243334
-0.00246777
-0.00250263
-0.00253791
-0.00257352
-0.00260943
-0.00264572
-0.00268264
-0.00272031
-0.00275857
-0.00279722
-0.00283623
-0.00287576
-0.00291612
-0.00295744
-0.00299965
-0.00304254
-0.00308606
-0.00313037
-0.00317574
-0.00322223
-0.00326936
-0.00331615
-0.00336136
-0.00340342
-0.00344082
-0.00347277
-0.0034991
-0.00351962
-0.00353896
-0.0035578
-0.0035774
-0.00359767
-0.00361882
-0.00364129
-0.00366504
-0.00368991
-0.00371581
-0.0037426
-0.00377016
-0.00379841
-0.00382728
-0.00385672
-0.00388666
-0.00391693
-0.00394771
-0.00397879
-0.00401022
-0.00404202
-0.00407415
-0.00410661
-0.00413938
-0.00417245
-0.00420582
-0.00423949
-0.00427343
-0.00430768
-0.00434219
-0.004377
-0.00441207
-0.00444745
-0.00448307
-0.00451901
-0.00455517
-0.00459169
-0.00462839
-0.00466548
-0.00470272
-0.0047404
-0.00477818
-0.00481644
-0.00485478
-0.00489362
-0.00493254
-0.00497195
-0.00501148
-0.00505142
-0.00509161
-0.00513204
-0.00517295
-0.00521387
-0.00525549
-0.00529693
-0.00533923
-0.00538126
-0.00542415
-0.0054669
-0.00551028
-0.00555384
-0.00559767
-0.00564207
-0.00568641
-0.00573152
-0.00577654
-0.00582222
-0.00586807
-0.00591424
-0.00596093
-0.00600767
-0.00605508
-0.00610258
-0.00615054
-0.00619894
-0.00624743
-0.00629665
-0.00634588
-0.00639564
-0.00644589
-0.00649607
-0.00654726
-0.00659816
-0.00664984
-0.00670187
-0.0067538
-0.00680672
-0.00685927
-0.00691227
-0.0069655
-0.00701808
-0.00707077
-0.00712236
-0.00717252
-0.0072211
-0.00726674
-0.00730908
-0.000727661
-0.000552462
-0.000343108
-0.000151975
-9.66672e-06
7.29302e-05
0.000101626
9.33487e-05
6.70594e-05
3.47594e-05
-2.84221e-06
-5.28644e-05
-0.000120929
-0.000202998
-0.000283647
-0.000342947
-0.000368446
-0.000364248
-0.000351033
-0.000354893
-0.000390351
-0.000449052
-0.000504008
-0.000529136
-0.00052069
-0.000503552
-0.000512167
-0.000559581
-0.000626107
-0.000677778
-0.000696396
-0.000694817
-0.000701741
-0.000732496
-0.00077697
-0.00081214
-0.000824041
-0.00082137
-0.000829368
-0.000865481
-0.000918711
-0.000959906
-0.000975201
-0.000979312
-0.000994152
-0.00102509
-0.00105949
-0.00108307
-0.0010959
-0.0011118
-0.00114331
-0.00118635
-0.00122032
-0.00123206
-0.00123662
-0.0012592
-0.00130018
-0.00133625
-0.00135557
-0.00137338
-0.00140492
-0.00143938
-0.001459
-0.00147183
-0.00149903
-0.00153836
-0.00156966
-0.00158897
-0.00160966
-0.0016369
-0.0016652
-0.00169365
-0.00172479
-0.00175535
-0.00178121
-0.0018055
-0.0018339
-0.0018667
-0.0018992
-0.00192768
-0.00195368
-0.00198233
-0.00201539
-0.00204866
-0.00207846
-0.00210702
-0.00213819
-0.00217139
-0.0022037
-0.00223481
-0.00226661
-0.00229968
-0.00233305
-0.00236618
-0.00239957
-0.00243362
-0.00246813
-0.00250284
-0.00253779
-0.00257316
-0.00260912
-0.00264567
-0.0026827
-0.00272001
-0.00275758
-0.00279558
-0.00283435
-0.00287413
-0.00291482
-0.00295602
-0.00299732
-0.00303866
-0.00308044
-0.00312333
-0.00316777
-0.00321357
-0.00325977
-0.0033048
-0.00334692
-0.0033848
-0.00341808
-0.00344727
-0.00347316
-0.00349681
-0.00352158
-0.00354246
-0.00356681
-0.00358946
-0.00361244
-0.00363634
-0.00366116
-0.00368685
-0.00371338
-0.00374065
-0.00376858
-0.0037971
-0.00382624
-0.00385583
-0.00388595
-0.00391635
-0.00394712
-0.0039784
-0.00400996
-0.00404183
-0.00407401
-0.00410649
-0.00413928
-0.00417237
-0.00420575
-0.00423943
-0.00427338
-0.00430763
-0.00434215
-0.00437697
-0.00441204
-0.00444742
-0.00448305
-0.00451899
-0.00455516
-0.00459167
-0.00462838
-0.00466547
-0.00470272
-0.00474039
-0.00477818
-0.00481644
-0.00485478
-0.00489362
-0.00493254
-0.00497195
-0.00501147
-0.00505142
-0.0050916
-0.00513206
-0.00517294
-0.00521387
-0.00525549
-0.00529692
-0.00533924
-0.00538125
-0.00542417
-0.00546688
-0.0055103
-0.00555383
-0.00559767
-0.00564207
-0.00568639
-0.00573154
-0.00577651
-0.00582224
-0.00586805
-0.00591424
-0.00596094
-0.00600764
-0.00605511
-0.00610256
-0.00615055
-0.00619895
-0.0062474
-0.00629667
-0.00634586
-0.00639565
-0.0064459
-0.00649605
-0.00654729
-0.00659815
-0.00664985
-0.0067019
-0.00675379
-0.00680676
-0.00685927
-0.0069123
-0.00696555
-0.0070181
-0.00707083
-0.00712243
-0.00717259
-0.00722124
-0.00726693
-0.00730938
-0.000641503
-0.000499675
-0.000337251
-0.000193623
-9.08723e-05
-3.55268e-05
-2.06549e-05
-3.01149e-05
-4.63083e-05
-5.97664e-05
-7.38029e-05
-0.000100367
-0.0001504
-0.000222858
-0.00030127
-0.000361917
-0.000388149
-0.000381908
-0.000364104
-0.00036317
-0.000396639
-0.000457729
-0.000518966
-0.000551314
-0.000545993
-0.000524334
-0.000522747
-0.000561165
-0.000625997
-0.000682735
-0.00070617
-0.000702799
-0.000703019
-0.000730132
-0.000778611
-0.000821605
-0.000838244
-0.00083356
-0.000833543
-0.000861634
-0.00091398
-0.000961299
-0.000981904
-0.000984714
-0.00099517
-0.00102563
-0.00106385
-0.00109026
-0.00110162
-0.00111326
-0.00114162
-0.00118565
-0.0012243
-0.00123973
-0.00124271
-0.00126049
-0.00129972
-0.00133825
-0.00135862
-0.00137354
-0.00140366
-0.00144142
-0.00146379
-0.00147434
-0.00149828
-0.00153825
-0.00157219
-0.00159258
-0.00161311
-0.00164023
-0.00166799
-0.00169541
-0.00172626
-0.00175771
-0.00178443
-0.0018083
-0.00183541
-0.00186767
-0.00190114
-0.00193073
-0.00195642
-0.00198388
-0.00201656
-0.00205046
-0.00208065
-0.00210887
-0.00213963
-0.00217294
-0.00220552
-0.00223663
-0.00226823
-0.00230123
-0.00233465
-0.00236782
-0.00240112
-0.00243499
-0.00246935
-0.00250403
-0.00253907
-0.00257452
-0.0026103
-0.00264642
-0.00268295
-0.00272005
-0.0027578
-0.00279607
-0.00283477
-0.00287385
-0.0029133
-0.00295326
-0.00299391
-0.00303533
-0.00307751
-0.00312027
-0.00316339
-0.00320651
-0.00324915
-0.00329093
-0.00333141
-0.00337006
-0.0034063
-0.0034396
-0.00346968
-0.00349687
-0.00352231
-0.00354675
-0.00356694
-0.00358941
-0.00361252
-0.00363671
-0.00366168
-0.0036874
-0.00371389
-0.00374111
-0.00376896
-0.00379734
-0.00382643
-0.00385595
-0.00388605
-0.0039165
-0.00394723
-0.00397835
-0.00400984
-0.00404169
-0.00407387
-0.00410636
-0.00413916
-0.00417226
-0.00420566
-0.00423935
-0.00427331
-0.00430757
-0.0043421
-0.00437692
-0.00441201
-0.00444739
-0.00448302
-0.00451897
-0.00455514
-0.00459165
-0.00462836
-0.00466546
-0.0047027
-0.00474038
-0.00477817
-0.00481643
-0.00485477
-0.00489362
-0.00493253
-0.00497194
-0.00501147
-0.00505142
-0.0050916
-0.00513205
-0.00517294
-0.00521387
-0.00525549
-0.00529692
-0.00533924
-0.00538124
-0.00542417
-0.00546688
-0.0055103
-0.00555383
-0.00559767
-0.00564208
-0.00568638
-0.00573156
-0.0057765
-0.00582225
-0.00586805
-0.00591423
-0.00596096
-0.00600762
-0.00605513
-0.00610255
-0.00615055
-0.00619897
-0.00624738
-0.0062967
-0.00634584
-0.00639565
-0.00644592
-0.00649603
-0.00654731
-0.00659815
-0.00664985
-0.00670192
-0.00675378
-0.00680679
-0.00685929
-0.00691233
-0.0069656
-0.00701812
-0.0070709
-0.00712251
-0.00717267
-0.00722137
-0.00726711
-0.00730963
-0.000575755
-0.000457119
-0.000327901
-0.000219567
-0.000148835
-0.000118895
-0.000120902
-0.000138018
-0.000152361
-0.000154457
-0.000149392
-0.000153423
-0.000183243
-0.000243168
-0.000318751
-0.00038357
-0.000415095
-0.000409949
-0.000387549
-0.000378104
-0.000403789
-0.000462654
-0.000528792
-0.000570306
-0.000572315
-0.000550241
-0.000539596
-0.000566493
-0.000626021
-0.000686554
-0.000717133
-0.000715897
-0.000710136
-0.000729058
-0.000775659
-0.000825067
-0.000850898
-0.000850223
-0.000844878
-0.00086239
-0.000908993
-0.000960731
-0.000989609
-0.000994424
-0.000999378
-0.00102513
-0.00106552
-0.00109747
-0.00111063
-0.00111809
-0.00114021
-0.00118181
-0.00122425
-0.00124567
-0.00125001
-0.00126326
-0.00129855
-0.00133929
-0.00136372
-0.00137697
-0.00140236
-0.00144154
-0.00146987
-0.00148069
-0.00149904
-0.00153687
-0.00157367
-0.00159574
-0.00161564
-0.00164294
-0.00167107
-0.00169729
-0.00172701
-0.00175916
-0.0017874
-0.00181179
-0.00183772
-0.00186825
-0.00190157
-0.00193281
-0.00195941
-0.00198567
-0.00201708
-0.00205147
-0.00208271
-0.00211078
-0.00214074
-0.00217387
-0.00220681
-0.00223803
-0.00226939
-0.00230221
-0.00233564
-0.00236881
-0.00240204
-0.00243587
-0.0024702
-0.00250474
-0.00253952
-0.0025747
-0.00261037
-0.00264654
-0.00268313
-0.00272006
-0.00275728
-0.00279485
-0.00283292
-0.00287167
-0.00291111
-0.0029511
-0.00299141
-0.00303184
-0.00307236
-0.00311323
-0.00315464
-0.00319648
-0.00323842
-0.00327966
-0.00331911
-0.00335591
-0.00338968
-0.00342042
-0.00344879
-0.00347585
-0.00350207
-0.00352757
-0.00355291
-0.00357807
-0.00360406
-0.00362989
-0.0036563
-0.00368308
-0.00371038
-0.00373824
-0.00376656
-0.00379498
-0.00382472
-0.00385465
-0.00388475
-0.00391543
-0.00394646
-0.0039778
-0.00400944
-0.00404138
-0.00407362
-0.00410616
-0.00413899
-0.00417212
-0.00420554
-0.00423924
-0.00427322
-0.0043075
-0.00434204
-0.00437687
-0.00441196
-0.00444735
-0.00448298
-0.00451894
-0.00455511
-0.00459163
-0.00462835
-0.00466544
-0.00470269
-0.00474037
-0.00477816
-0.00481642
-0.00485476
-0.00489361
-0.00493252
-0.00497194
-0.00501146
-0.00505141
-0.0050916
-0.00513205
-0.00517294
-0.00521387
-0.0052555
-0.00529691
-0.00533925
-0.00538123
-0.00542418
-0.00546687
-0.0055103
-0.00555384
-0.00559766
-0.00564209
-0.00568636
-0.00573157
-0.00577649
-0.00582226
-0.00586805
-0.00591422
-0.00596098
-0.0060076
-0.00605514
-0.00610254
-0.00615054
-0.00619898
-0.00624736
-0.00629672
-0.00634584
-0.00639565
-0.00644593
-0.00649602
-0.00654733
-0.00659816
-0.00664985
-0.00670195
-0.00675378
-0.00680683
-0.00685932
-0.00691235
-0.00696566
-0.00701816
-0.00707097
-0.0071226
-0.00717275
-0.0072215
-0.00726728
-0.00730985
-0.000538195
-0.000436095
-0.000326946
-0.000238441
-0.000186629
-0.00017459
-0.000192719
-0.000222334
-0.000243795
-0.000245057
-0.000229601
-0.000215063
-0.000223024
-0.000265147
-0.000332894
-0.00040112
-0.000442421
-0.000445014
-0.000422162
-0.000403566
-0.00041602
-0.000465736
-0.000532252
-0.000582908
-0.000596694
-0.000580112
-0.000563686
-0.000577711
-0.000627111
-0.000687653
-0.000726591
-0.000732566
-0.000725135
-0.000734264
-0.000772371
-0.000823343
-0.000859316
-0.000867823
-0.000862251
-0.000869837
-0.000906074
-0.000956888
-0.000993266
-0.00100402
-0.00100644
-0.00102517
-0.00106362
-0.00110107
-0.00112003
-0.00112706
-0.00114304
-0.00117898
-0.00122254
-0.00125098
-0.00126002
-0.00127008
-0.00129893
-0.00133883
-0.00136806
-0.00138225
-0.00140175
-0.00143839
-0.00147293
-0.00148835
-0.00150216
-0.00153489
-0.00157361
-0.00159905
-0.0016187
-0.00164549
-0.00167452
-0.00170014
-0.00172789
-0.00175968
-0.00178946
-0.0018152
-0.00184083
-0.00186954
-0.00190168
-0.00193423
-0.00196276
-0.00198849
-0.00201782
-0.00205183
-0.00208442
-0.00211302
-0.0021421
-0.00217464
-0.002208
-0.00223962
-0.00227077
-0.00230327
-0.00233665
-0.00236986
-0.00240299
-0.00243662
-0.00247081
-0.00250532
-0.0025401
-0.00257522
-0.00261071
-0.00264651
-0.00268266
-0.00271925
-0.00275635
-0.00279394
-0.00283196
-0.00287029
-0.00290887
-0.00294773
-0.00298698
-0.00302669
-0.00306694
-0.0031076
-0.0031483
-0.0031887
-0.00322843
-0.00326714
-0.00330472
-0.00334107
-0.00337609
-0.0034096
-0.00344148
-0.00347162
-0.00350014
-0.00352737
-0.00355345
-0.00357902
-0.00360442
-0.00363022
-0.00365636
-0.00368321
-0.00371063
-0.00373856
-0.00376704
-0.00379642
-0.00382538
-0.00385503
-0.00388507
-0.00391552
-0.00394636
-0.00397759
-0.00400919
-0.00404112
-0.00407337
-0.00410594
-0.0041388
-0.00417195
-0.00420539
-0.00423911
-0.00427311
-0.0043074
-0.00434195
-0.00437679
-0.0044119
-0.0044473
-0.00448294
-0.0045189
-0.00455508
-0.0045916
-0.00462832
-0.00466542
-0.00470267
-0.00474035
-0.00477815
-0.00481641
-0.00485475
-0.00489361
-0.00493252
-0.00497193
-0.00501146
-0.00505141
-0.0050916
-0.00513204
-0.00517294
-0.00521386
-0.0052555
-0.00529691
-0.00533925
-0.00538123
-0.00542418
-0.00546687
-0.0055103
-0.00555384
-0.00559766
-0.0056421
-0.00568635
-0.00573158
-0.00577648
-0.00582226
-0.00586806
-0.0059142
-0.00596099
-0.00600759
-0.00605515
-0.00610255
-0.00615053
-0.006199
-0.00624735
-0.00629673
-0.00634584
-0.00639564
-0.00644595
-0.00649601
-0.00654734
-0.00659817
-0.00664985
-0.00670198
-0.00675379
-0.00680686
-0.00685935
-0.00691238
-0.00696572
-0.00701821
-0.00707103
-0.00712269
-0.00717284
-0.00722162
-0.00726743
-0.00731003
-0.000521277
-0.000439277
-0.000345535
-0.000266399
-0.000219347
-0.000211348
-0.000236648
-0.000277821
-0.000312444
-0.000323802
-0.000309515
-0.000284523
-0.000272582
-0.000292535
-0.000345522
-0.000411906
-0.000463295
-0.000479798
-0.000463995
-0.000440192
-0.000437958
-0.000472359
-0.000532534
-0.000589293
-0.000616909
-0.000611304
-0.000594263
-0.000596526
-0.000631885
-0.000686797
-0.000732264
-0.000749129
-0.00074534
-0.000746595
-0.000772421
-0.000818766
-0.000861593
-0.000881177
-0.000880673
-0.000882497
-0.000907435
-0.000952472
-0.000993532
-0.00101309
-0.00101824
-0.00103109
-0.00106333
-0.00110235
-0.00112822
-0.00113884
-0.00115041
-0.00117794
-0.00121809
-0.00125174
-0.00126768
-0.00127773
-0.00130053
-0.00133699
-0.00137003
-0.00138866
-0.00140511
-0.00143618
-0.00147331
-0.00149585
-0.00150896
-0.00153489
-0.00157227
-0.00160175
-0.00162255
-0.00164784
-0.00167735
-0.00170368
-0.00172981
-0.0017603
-0.00179114
-0.00181849
-0.00184436
-0.00187173
-0.00190217
-0.00193477
-0.00196525
-0.00199179
-0.0020195
-0.00205219
-0.0020857
-0.00211547
-0.00214406
-0.00217559
-0.00220892
-0.00224105
-0.00227222
-0.00230437
-0.00233764
-0.00237096
-0.0024041
-0.00243759
-0.00247163
-0.00250598
-0.00254052
-0.00257542
-0.00261074
-0.00264648
-0.00268258
-0.002719
-0.0027557
-0.0027927
-0.00283003
-0.00286777
-0.00290601
-0.00294468
-0.00298363
-0.00302272
-0.00306185
-0.00310091
-0.00313996
-0.00317904
-0.00321798
-0.00325645
-0.00329394
-0.00332994
-0.00336408
-0.00339625
-0.00342665
-0.0034557
-0.00348385
-0.00351142
-0.00353862
-0.00356579
-0.00359313
-0.00362065
-0.00364844
-0.00367657
-0.00370502
-0.00373384
-0.00376305
-0.00379264
-0.00382249
-0.00385271
-0.00388328
-0.00391418
-0.00394538
-0.00397685
-0.00400862
-0.00404067
-0.004073
-0.00410562
-0.00413853
-0.00417172
-0.00420519
-0.00423894
-0.00427297
-0.00430728
-0.00434185
-0.0043767
-0.00441182
-0.00444723
-0.00448288
-0.00451885
-0.00455504
-0.00459157
-0.00462829
-0.00466539
-0.00470265
-0.00474034
-0.00477813
-0.0048164
-0.00485474
-0.0048936
-0.00493251
-0.00497193
-0.00501145
-0.0050514
-0.00509159
-0.00513204
-0.00517294
-0.00521386
-0.0052555
-0.0052969
-0.00533925
-0.00538123
-0.00542418
-0.00546687
-0.00551029
-0.00555385
-0.00559765
-0.00564211
-0.00568634
-0.00573159
-0.00577648
-0.00582225
-0.00586807
-0.00591419
-0.00596101
-0.00600758
-0.00605515
-0.00610255
-0.00615052
-0.00619902
-0.00624734
-0.00629674
-0.00634585
-0.00639563
-0.00644597
-0.006496
-0.00654735
-0.00659818
-0.00664985
-0.00670201
-0.0067538
-0.00680688
-0.00685939
-0.00691241
-0.00696578
-0.00701827
-0.0070711
-0.00712279
-0.00717293
-0.00722173
-0.00726758
-0.0073102
-0.000506252
-0.000450886
-0.000378625
-0.000309562
-0.000261639
-0.000246431
-0.000265306
-0.000307563
-0.000352978
-0.000380151
-0.000378715
-0.000355626
-0.000331918
-0.000330733
-0.000362903
-0.00041924
-0.000475234
-0.000506478
-0.00050462
-0.000483804
-0.000471216
-0.000488221
-0.000535342
-0.000591622
-0.000630295
-0.00063846
-0.000626906
-0.000621736
-0.000642434
-0.000686976
-0.000734256
-0.000761815
-0.000766047
-0.000764676
-0.000779712
-0.000817158
-0.000861063
-0.000889936
-0.000898247
-0.000900287
-0.00091632
-0.000952075
-0.000992466
-0.00101908
-0.0010299
-0.00103996
-0.00106435
-0.00110039
-0.00113146
-0.00114854
-0.00116001
-0.00118078
-0.00121529
-0.00125124
-0.00127437
-0.00128757
-0.00130625
-0.00133726
-0.00137079
-0.00139441
-0.00141126
-0.00143637
-0.00147152
-0.0015002
-0.00151682
-0.00153765
-0.00157089
-0.00160322
-0.00162675
-0.00165061
-0.00167941
-0.00170699
-0.0017326
-0.00176132
-0.00179225
-0.00182097
-0.00184757
-0.00187461
-0.0019038
-0.00193546
-0.00196689
-0.001995
-0.00202217
-0.00205306
-0.00208644
-0.00211756
-0.0021465
-0.00217712
-0.00221002
-0.00224258
-0.00227399
-0.00230579
-0.00233873
-0.002372
-0.00240514
-0.00243851
-0.0024724
-0.00250669
-0.0025412
-0.00257595
-0.00261103
-0.00264641
-0.00268208
-0.00271809
-0.0027545
-0.00279129
-0.00282841
-0.00286582
-0.00290343
-0.00294118
-0.0029791
-0.00301725
-0.00305561
-0.00309415
-0.0031327
-0.00317095
-0.00320861
-0.00324545
-0.00328133
-0.00331627
-0.00335032
-0.00338351
-0.00341587
-0.00344734
-0.00347788
-0.00350754
-0.00353651
-0.00356494
-0.00359306
-0.00362103
-0.00364903
-0.00367721
-0.00370567
-0.00373443
-0.00376353
-0.00379295
-0.00382265
-0.00385269
-0.00388308
-0.00391383
-0.00394494
-0.00397638
-0.00400815
-0.00404024
-0.00407261
-0.00410528
-0.00413823
-0.00417146
-0.00420496
-0.00423875
-0.0042728
-0.00430713
-0.00434172
-0.0043766
-0.00441172
-0.00444715
-0.00448281
-0.00451879
-0.00455499
-0.00459153
-0.00462825
-0.00466536
-0.00470262
-0.00474031
-0.00477811
-0.00481639
-0.00485473
-0.00489358
-0.0049325
-0.00497192
-0.00501145
-0.0050514
-0.00509159
-0.00513203
-0.00517294
-0.00521385
-0.0052555
-0.0052969
-0.00533925
-0.00538122
-0.00542418
-0.00546687
-0.00551029
-0.00555385
-0.00559764
-0.00564211
-0.00568634
-0.00573159
-0.00577648
-0.00582225
-0.00586808
-0.00591418
-0.00596101
-0.00600758
-0.00605515
-0.00610256
-0.00615051
-0.00619903
-0.00624733
-0.00629674
-0.00634586
-0.00639562
-0.00644599
-0.006496
-0.00654736
-0.0065982
-0.00664985
-0.00670204
-0.00675382
-0.00680691
-0.00685944
-0.00691244
-0.00696584
-0.00701833
-0.00707117
-0.00712289
-0.00717302
-0.00722184
-0.00726771
-0.00731035
-0.000483788
-0.000453871
-0.000407729
-0.000357026
-0.000314222
-0.000291689
-0.000297083
-0.000328278
-0.000372657
-0.000411078
-0.000427041
-0.00041745
-0.000394801
-0.000380433
-0.000391822
-0.000430746
-0.000481973
-0.000522361
-0.000536318
-0.000526592
-0.000512211
-0.000515533
-0.000546178
-0.000593935
-0.000636789
-0.000657581
-0.000656481
-0.000650726
-0.000660724
-0.000693316
-0.000736591
-0.000770149
-0.000783669
-0.000785838
-0.000795139
-0.00082243
-0.00086095
-0.000893662
-0.000910566
-0.000917214
-0.000928655
-0.000955052
-0.000990998
-0.00102176
-0.00103965
-0.00105152
-0.00107071
-0.00110149
-0.00113389
-0.00115673
-0.00117108
-0.00118817
-0.00121627
-0.00125036
-0.00127786
-0.00129544
-0.00131289
-0.00133902
-0.00137071
-0.00139789
-0.00141771
-0.00143958
-0.0014705
-0.00150177
-0.00152344
-0.00154284
-0.0015713
-0.00160381
-0.00163037
-0.00165408
-0.00168155
-0.00170999
-0.00173622
-0.00176362
-0.00179368
-0.0018231
-0.00185056
-0.00187784
-0.00190639
-0.00193679
-0.0019681
-0.0019977
-0.00202551
-0.00205503
-0.00208737
-0.00211925
-0.00214901
-0.00217909
-0.0022112
-0.00224385
-0.00227567
-0.00230742
-0.00234004
-0.00237321
-0.00240635
-0.00243956
-0.00247317
-0.00250718
-0.00254143
-0.00257595
-0.00261082
-0.00264603
-0.00268154
-0.00271733
-0.00275335
-0.00278959
-0.00282606
-0.0028628
-0.00289982
-0.00293711
-0.00297464
-0.00301226
-0.00304986
-0.00308735
-0.00312465
-0.00316172
-0.00319856
-0.00323506
-0.00327109
-0.00330638
-0.00334068
-0.00337387
-0.00340586
-0.00343677
-0.00346682
-0.00349629
-0.00352536
-0.00355422
-0.00358303
-0.00361189
-0.00364087
-0.00367005
-0.00369946
-0.0037291
-0.00375901
-0.00378917
-0.00381959
-0.00385025
-0.00388117
-0.00391234
-0.00394376
-0.00397544
-0.00400739
-0.0040396
-0.00407208
-0.00410482
-0.00413784
-0.00417113
-0.00420468
-0.0042385
-0.00427259
-0.00430695
-0.00434156
-0.00437646
-0.00441161
-0.00444705
-0.00448273
-0.00451872
-0.00455492
-0.00459147
-0.00462821
-0.00466533
-0.00470259
-0.00474029
-0.00477809
-0.00481637
-0.00485471
-0.00489357
-0.00493249
-0.00497191
-0.00501144
-0.00505139
-0.00509158
-0.00513203
-0.00517294
-0.00521385
-0.0052555
-0.0052969
-0.00533925
-0.00538122
-0.00542418
-0.00546687
-0.00551029
-0.00555385
-0.00559764
-0.00564212
-0.00568634
-0.00573159
-0.00577648
-0.00582224
-0.00586808
-0.00591418
-0.00596102
-0.00600758
-0.00605515
-0.00610257
-0.0061505
-0.00619904
-0.00624733
-0.00629674
-0.00634587
-0.00639562
-0.00644601
-0.00649601
-0.00654736
-0.00659823
-0.00664986
-0.00670206
-0.00675385
-0.00680693
-0.00685948
-0.00691248
-0.0069659
-0.0070184
-0.00707124
-0.00712298
-0.00717311
-0.00722193
-0.00726783
-0.00731049
-0.000458002
-0.000446024
-0.000423528
-0.000394719
-0.000365431
-0.000343909
-0.000338899
-0.000354942
-0.000387931
-0.000425856
-0.000453466
-0.000460644
-0.00044974
-0.00043449
-0.00043216
-0.000452467
-0.000490699
-0.000531017
-0.000556493
-0.000560919
-0.000553101
-0.000550451
-0.000566669
-0.000601558
-0.00064153
-0.000670033
-0.00068016
-0.000680022
-0.000685717
-0.000707481
-0.000741766
-0.00077511
-0.000796096
-0.000805343
-0.000813859
-0.000832666
-0.000862959
-0.000895316
-0.000919162
-0.00093275
-0.000944406
-0.000964422
-0.000994129
-0.00102467
-0.00104741
-0.00106296
-0.00107992
-0.00110503
-0.001135
-0.00116089
-0.00117956
-0.00119691
-0.00122059
-0.00125076
-0.00127959
-0.00130151
-0.0013204
-0.0013436
-0.00137227
-0.00140046
-0.00142345
-0.001445
-0.00147201
-0.00150246
-0.00152804
-0.00154912
-0.00157437
-0.00160485
-0.00163317
-0.00165797
-0.00168436
-0.0017127
-0.00173985
-0.00176677
-0.00179569
-0.00182512
-0.00185334
-0.00188112
-0.00190947
-0.00193889
-0.00196946
-0.00199978
-0.00202862
-0.00205762
-0.00208873
-0.00212066
-0.00215132
-0.00218142
-0.00221278
-0.00224512
-0.00227715
-0.00230887
-0.00234113
-0.00237403
-0.00240712
-0.00244029
-0.00247377
-0.00250762
-0.00254173
-0.00257605
-0.00261061
-0.00264543
-0.00268052
-0.00271588
-0.00275153
-0.00278747
-0.00282369
-0.00286013
-0.00289672
-0.00293342
-0.00297018
-0.00300701
-0.00304388
-0.00308079
-0.00311764
-0.00315432
-0.00319063
-0.00322637
-0.00326142
-0.00329571
-0.00332927
-0.0033622
-0.00339457
-0.00342646
-0.0034579
-0.0034889
-0.00351947
-0.00354968
-0.00357961
-0.00360935
-0.00363899
-0.00366862
-0.00369831
-0.00372813
-0.00375811
-0.00378829
-0.00381869
-0.00384935
-0.00388027
-0.00391147
-0.00394294
-0.00397469
-0.00400671
-0.00403899
-0.00407154
-0.00410436
-0.00413743
-0.00417077
-0.00420437
-0.00423824
-0.00427236
-0.00430675
-0.00434139
-0.00437632
-0.00441149
-0.00444694
-0.00448264
-0.00451864
-0.00455486
-0.00459142
-0.00462816
-0.00466529
-0.00470256
-0.00474026
-0.00477806
-0.00481634
-0.0048547
-0.00489356
-0.00493248
-0.0049719
-0.00501143
-0.00505138
-0.00509158
-0.00513202
-0.00517293
-0.00521385
-0.00525549
-0.00529689
-0.00533925
-0.00538122
-0.00542417
-0.00546688
-0.00551028
-0.00555386
-0.00559764
-0.00564212
-0.00568634
-0.00573159
-0.00577649
-0.00582224
-0.00586809
-0.00591417
-0.00596102
-0.00600758
-0.00605514
-0.00610258
-0.0061505
-0.00619905
-0.00624734
-0.00629674
-0.00634588
-0.00639562
-0.00644602
-0.00649602
-0.00654737
-0.00659825
-0.00664987
-0.00670209
-0.00675388
-0.00680696
-0.00685953
-0.00691253
-0.00696596
-0.00701848
-0.00707131
-0.00712307
-0.00717321
-0.00722202
-0.00726793
-0.00731061
-0.000439141
-0.000435474
-0.000428205
-0.000417846
-0.000404668
-0.000391735
-0.000384845
-0.000390053
-0.000409554
-0.000438734
-0.000467705
-0.000485996
-0.000489026
-0.000481833
-0.000476242
-0.00048364
-0.000507308
-0.000540107
-0.000569289
-0.000585037
-0.000587608
-0.000586787
-0.000594783
-0.000617273
-0.00064909
-0.000678746
-0.000697342
-0.000705231
-0.000711264
-0.000725322
-0.000750396
-0.00078045
-0.000805822
-0.000821923
-0.000832991
-0.000847778
-0.000871401
-0.000900357
-0.000926296
-0.000944624
-0.000958606
-0.000975699
-0.000999902
-0.00102778
-0.00105273
-0.00107215
-0.00108988
-0.00111166
-0.00113825
-0.0011647
-0.00118689
-0.00120627
-0.00122768
-0.00125371
-0.00128147
-0.00130611
-0.00132739
-0.00134959
-0.00137548
-0.00140292
-0.00142802
-0.00145084
-0.00147561
-0.00150382
-0.00153111
-0.00155481
-0.00157899
-0.00160694
-0.00163549
-0.00166175
-0.00168787
-0.00171559
-0.00174325
-0.00177034
-0.00179841
-0.0018274
-0.00185605
-0.00188427
-0.00191265
-0.00194159
-0.00197143
-0.00200175
-0.00203134
-0.00206043
-0.00209062
-0.00212202
-0.0021531
-0.00218351
-0.00221446
-0.00224639
-0.0022785
-0.0023104
-0.00234251
-0.00237515
-0.00240808
-0.00244112
-0.00247436
-0.00250794
-0.00254182
-0.00257595
-0.00261035
-0.00264504
-0.00267998
-0.00271514
-0.00275049
-0.00278601
-0.00282168
-0.00285749
-0.00289345
-0.00292955
-0.00296576
-0.00300204
-0.00303829
-0.00307443
-0.00311037
-0.00314607
-0.00318148
-0.00321659
-0.00325138
-0.0032858
-0.00331979
-0.00335325
-0.00338612
-0.00341838
-0.00345002
-0.00348115
-0.00351186
-0.00354229
-0.00357254
-0.00360269
-0.00363284
-0.00366303
-0.00369332
-0.00372373
-0.00375429
-0.00378502
-0.00381593
-0.00384703
-0.00387833
-0.00390984
-0.00394157
-0.00397352
-0.00400571
-0.00403814
-0.00407081
-0.00410373
-0.00413689
-0.00417031
-0.00420397
-0.00423789
-0.00427206
-0.00430649
-0.00434117
-0.00437612
-0.00441132
-0.0044468
-0.00448252
-0.00451854
-0.00455477
-0.00459134
-0.0046281
-0.00466523
-0.00470251
-0.00474022
-0.00477803
-0.00481632
-0.00485467
-0.00489354
-0.00493246
-0.00497188
-0.00501142
-0.00505137
-0.00509157
-0.00513202
-0.00517293
-0.00521384
-0.00525549
-0.00529689
-0.00533924
-0.00538122
-0.00542417
-0.00546688
-0.00551028
-0.00555386
-0.00559764
-0.00564212
-0.00568634
-0.00573158
-0.00577649
-0.00582224
-0.00586809
-0.00591418
-0.00596102
-0.00600759
-0.00605514
-0.00610259
-0.0061505
-0.00619905
-0.00624734
-0.00629674
-0.00634589
-0.00639562
-0.00644602
-0.00649604
-0.00654738
-0.00659827
-0.00664989
-0.00670211
-0.00675392
-0.00680699
-0.00685958
-0.00691258
-0.00696601
-0.00701855
-0.00707138
-0.00712315
-0.00717329
-0.00722211
-0.00726803
-0.00731072
-0.000432025
-0.000431476
-0.000431319
-0.000431596
-0.000430702
-0.000427916
-0.000425369
-0.000427343
-0.000437684
-0.000456857
-0.000480555
-0.000501613
-0.000513991
-0.00051677
-0.000515395
-0.000518346
-0.000531669
-0.000554847
-0.000581065
-0.000601872
-0.000613043
-0.000617643
-0.000623662
-0.000638036
-0.000661545
-0.000688384
-0.000710686
-0.000724749
-0.00073401
-0.000745826
-0.000765133
-0.000790461
-0.000815501
-0.000834978
-0.000849264
-0.000863555
-0.000882839
-0.000907248
-0.000932282
-0.000953558
-0.00097085
-0.000988003
-0.00100899
-0.00103375
-0.00105854
-0.00108029
-0.00109962
-0.00111992
-0.00114347
-0.00116884
-0.00119279
-0.00121411
-0.00123502
-0.00125855
-0.00128468
-0.00131026
-0.00133337
-0.00135574
-0.00138002
-0.00140623
-0.00143205
-0.00145614
-0.00148029
-0.00150667
-0.00153398
-0.00155951
-0.00158402
-0.0016103
-0.00163815
-0.00166525
-0.00169162
-0.00171877
-0.00174647
-0.00177388
-0.00180153
-0.00182996
-0.00185863
-0.00188712
-0.0019156
-0.00194434
-0.00197371
-0.00200372
-0.00203365
-0.00206315
-0.00209302
-0.00212387
-0.00215501
-0.00218578
-0.00221662
-0.00224813
-0.00228007
-0.00231201
-0.00234405
-0.00237648
-0.00240928
-0.00244228
-0.00247548
-0.00250893
-0.00254264
-0.00257655
-0.00261064
-0.00264493
-0.00267941
-0.0027141
-0.00274898
-0.00278406
-0.00281932
-0.00285476
-0.00289032
-0.00292596
-0.00296163
-0.00299731
-0.00303295
-0.00306854
-0.00310405
-0.00313943
-0.00317462
-0.00320954
-0.0032441
-0.00327824
-0.00331191
-0.00334509
-0.00337781
-0.00341011
-0.00344205
-0.00347369
-0.00350508
-0.00353624
-0.00356724
-0.0035981
-0.00362888
-0.00365962
-0.00369037
-0.00372116
-0.00375204
-0.00378302
-0.00381415
-0.00384545
-0.00387692
-0.00390859
-0.00394046
-0.00397255
-0.00400486
-0.0040374
-0.00407016
-0.00410316
-0.0041364
-0.00416988
-0.0042036
-0.00423757
-0.00427179
-0.00430626
-0.00434097
-0.00437595
-0.00441117
-0.00444668
-0.00448241
-0.00451845
-0.00455469
-0.00459128
-0.00462804
-0.00466518
-0.00470247
-0.00474018
-0.004778
-0.00481629
-0.00485465
-0.00489352
-0.00493245
-0.00497187
-0.00501141
-0.00505136
-0.00509156
-0.00513201
-0.00517292
-0.00521384
-0.00525549
-0.00529689
-0.00533924
-0.00538122
-0.00542417
-0.00546687
-0.00551028
-0.00555386
-0.00559764
-0.00564211
-0.00568634
-0.00573158
-0.00577649
-0.00582224
-0.00586809
-0.00591418
-0.00596101
-0.00600759
-0.00605514
-0.00610259
-0.0061505
-0.00619905
-0.00624735
-0.00629674
-0.0063459
-0.00639563
-0.00644603
-0.00649605
-0.00654739
-0.00659829
-0.00664991
-0.00670213
-0.00675395
-0.00680702
-0.00685962
-0.00691264
-0.00696607
-0.00701862
-0.00707145
-0.00712322
-0.00717338
-0.00722219
-0.00726811
-0.00731081
-0.000433536
-0.000434954
-0.000437777
-0.000442587
-0.000448104
-0.000452717
-0.000456032
-0.000459702
-0.000466642
-0.000478994
-0.000496245
-0.000514966
-0.000530648
-0.000540514
-0.000545417
-0.000549701
-0.000558518
-0.000574292
-0.000594966
-0.000615451
-0.00063123
-0.000641576
-0.000650015
-0.000661631
-0.000679139
-0.000700849
-0.000722269
-0.000739731
-0.000753177
-0.000765999
-0.000782026
-0.00080234
-0.000824591
-0.000845234
-0.000862732
-0.00087876
-0.000896398
-0.000917236
-0.000940016
-0.000961982
-0.000981581
-0.00099986
-0.0010193
-0.00104128
-0.00106471
-0.00108726
-0.00110793
-0.00112821
-0.00115028
-0.00117429
-0.00119824
-0.0012206
-0.00124212
-0.00126478
-0.00128932
-0.00131434
-0.00133825
-0.00136134
-0.00138511
-0.00141023
-0.00143578
-0.00146058
-0.00148494
-0.0015103
-0.00153681
-0.00156298
-0.00158822
-0.00161393
-0.00164089
-0.00166806
-0.00169473
-0.00172165
-0.00174917
-0.00177674
-0.00180428
-0.00183234
-0.00186088
-0.00188949
-0.00191807
-0.00194683
-0.00197597
-0.00200562
-0.00203552
-0.00206529
-0.00209513
-0.00212554
-0.00215644
-0.00218736
-0.00221827
-0.00224955
-0.00228127
-0.00231317
-0.00234517
-0.00237741
-0.00240994
-0.0024427
-0.00247564
-0.00250879
-0.00254219
-0.00257583
-0.00260969
-0.00264377
-0.00267806
-0.00271255
-0.00274721
-0.00278201
-0.00281693
-0.00285194
-0.00288703
-0.00292218
-0.00295738
-0.00299259
-0.00302779
-0.00306293
-0.00309796
-0.00313283
-0.0031675
-0.00320193
-0.00323609
-0.00326997
-0.00330355
-0.00333683
-0.00336979
-0.00340244
-0.00343479
-0.00346684
-0.00349863
-0.0035302
-0.00356159
-0.00359285
-0.00362404
-0.00365518
-0.00368633
-0.00371752
-0.00374878
-0.00378013
-0.0038116
-0.0038432
-0.00387495
-0.00390686
-0.00393896
-0.00397124
-0.00400372
-0.0040364
-0.0040693
-0.00410241
-0.00413575
-0.00416931
-0.00420311
-0.00423715
-0.00427142
-0.00430594
-0.0043407
-0.00437572
-0.00441097
-0.0044465
-0.00448226
-0.00451832
-0.00455458
-0.00459118
-0.00462796
-0.00466512
-0.00470241
-0.00474014
-0.00477796
-0.00481626
-0.00485462
-0.00489349
-0.00493243
-0.00497186
-0.0050114
-0.00505135
-0.00509155
-0.005132
-0.00517292
-0.00521383
-0.00525548
-0.00529689
-0.00533924
-0.00538122
-0.00542417
-0.00546687
-0.00551028
-0.00555385
-0.00559764
-0.00564211
-0.00568634
-0.00573158
-0.00577649
-0.00582224
-0.00586809
-0.00591418
-0.00596101
-0.00600759
-0.00605514
-0.00610259
-0.0061505
-0.00619905
-0.00624735
-0.00629674
-0.00634591
-0.00639564
-0.00644604
-0.00649606
-0.0065474
-0.00659831
-0.00664993
-0.00670215
-0.00675398
-0.00680706
-0.00685966
-0.00691269
-0.00696612
-0.00701868
-0.00707152
-0.00712329
-0.00717345
-0.00722226
-0.00726818
-0.00731089
-0.000442303
-0.000445213
-0.000448907
-0.000454733
-0.000462451
-0.000470754
-0.000478431
-0.000485383
-0.00049278
-0.000502289
-0.000514849
-0.000529787
-0.000544949
-0.000557929
-0.000567721
-0.000575542
-0.000584147
-0.000596037
-0.000611761
-0.000629531
-0.00064646
-0.000660599
-0.000672319
-0.000683983
-0.000698116
-0.000715524
-0.000734764
-0.000753314
-0.000769592
-0.000784194
-0.00079928
-0.000816696
-0.000836429
-0.000856743
-0.000875816
-0.000893323
-0.000910605
-0.000929369
-0.000950024
-0.000971369
-0.00099189
-0.00101126
-0.00103062
-0.00105127
-0.00107322
-0.00109536
-0.00111685
-0.0011379
-0.0011594
-0.00118189
-0.00120497
-0.00122787
-0.00125035
-0.00127291
-0.00129622
-0.00132028
-0.00134443
-0.00136818
-0.00139191
-0.00141629
-0.00144132
-0.00146635
-0.00149106
-0.00151603
-0.00154182
-0.00156793
-0.00159371
-0.00161946
-0.00164585
-0.0016727
-0.00169954
-0.00172649
-0.00175382
-0.00178133
-0.00180891
-0.00183682
-0.00186513
-0.00189363
-0.00192223
-0.00195101
-0.00198005
-0.00200943
-0.00203913
-0.00206897
-0.00209888
-0.00212907
-0.00215967
-0.00219051
-0.00222142
-0.00225253
-0.00228398
-0.0023157
-0.00234759
-0.00237969
-0.00241206
-0.00244469
-0.00247754
-0.00251059
-0.00254386
-0.00257734
-0.002611
-0.00264483
-0.00267882
-0.00271296
-0.00274724
-0.00278164
-0.00281616
-0.00285077
-0.00288547
-0.00292022
-0.00295499
-0.00298976
-0.0030245
-0.00305918
-0.00309377
-0.00312825
-0.0031626
-0.00319679
-0.00323077
-0.00326452
-0.00329801
-0.00333123
-0.00336418
-0.00339687
-0.0034293
-0.00346151
-0.00349352
-0.00352536
-0.00355707
-0.00358867
-0.0036202
-0.0036517
-0.00368318
-0.00371469
-0.00374624
-0.00377786
-0.00380957
-0.0038414
-0.00387335
-0.00390545
-0.00393771
-0.00397014
-0.00400275
-0.00403556
-0.00406856
-0.00410177
-0.00413519
-0.00416883
-0.00420269
-0.00423678
-0.00427111
-0.00430567
-0.00434047
-0.00437552
-0.0044108
-0.00444636
-0.00448214
-0.00451821
-0.0045545
-0.00459111
-0.0046279
-0.00466506
-0.00470237
-0.0047401
-0.00477793
-0.00481623
-0.0048546
-0.00489348
-0.00493241
-0.00497184
-0.00501139
-0.00505134
-0.00509155
-0.005132
-0.00517291
-0.00521383
-0.00525548
-0.00529688
-0.00533923
-0.00538122
-0.00542416
-0.00546687
-0.00551028
-0.00555385
-0.00559764
-0.00564211
-0.00568634
-0.00573158
-0.00577649
-0.00582224
-0.00586809
-0.00591418
-0.00596101
-0.0060076
-0.00605514
-0.00610259
-0.00615051
-0.00619905
-0.00624736
-0.00629674
-0.00634591
-0.00639565
-0.00644604
-0.00649608
-0.00654741
-0.00659832
-0.00664995
-0.00670217
-0.00675401
-0.00680709
-0.0068597
-0.00691273
-0.00696617
-0.00701873
-0.00707158
-0.00712335
-0.00717351
-0.00722233
-0.00726824
-0.00731096
-0.000447588
-0.000453039
-0.000458504
-0.000465099
-0.000473224
-0.000482516
-0.000492197
-0.000501629
-0.000510762
-0.000520171
-0.000530651
-0.000542603
-0.000555646
-0.000568767
-0.000580964
-0.000591952
-0.000602428
-0.000613665
-0.00062667
-0.00064147
-0.000657073
-0.000672186
-0.000686158
-0.000699434
-0.000713201
-0.000728462
-0.000745254
-0.000762665
-0.000779606
-0.000795688
-0.000811496
-0.000828043
-0.000845895
-0.000864708
-0.000883577
-0.000901875
-0.000919807
-0.000938146
-0.000957464
-0.000977617
-0.00099795
-0.00101796
-0.00103775
-0.00105784
-0.00107867
-0.00110018
-0.00112182
-0.00114319
-0.00116451
-0.00118631
-0.00120883
-0.00123169
-0.0012544
-0.00127697
-0.00129988
-0.00132343
-0.00134732
-0.00137119
-0.00139505
-0.00141922
-0.00144383
-0.00146869
-0.00149359
-0.00151861
-0.00154401
-0.0015698
-0.00159573
-0.00162166
-0.00164783
-0.0016744
-0.00170125
-0.00172822
-0.00175537
-0.00178279
-0.00181044
-0.00183831
-0.00186642
-0.00189478
-0.00192338
-0.00195219
-0.00198118
-0.00201041
-0.00203995
-0.00206975
-0.0020997
-0.00212983
-0.00216027
-0.002191
-0.00222192
-0.00225302
-0.00228438
-0.00231601
-0.00234785
-0.00237989
-0.00241215
-0.00244463
-0.00247732
-0.0025102
-0.00254328
-0.00257655
-0.00261
-0.00264363
-0.00267743
-0.00271137
-0.00274543
-0.0027796
-0.00281387
-0.00284822
-0.00288263
-0.00291707
-0.00295153
-0.00298599
-0.00302043
-0.00305482
-0.00308912
-0.00312333
-0.00315742
-0.00319138
-0.00322518
-0.00325881
-0.00329224
-0.00332546
-0.00335848
-0.0033913
-0.00342393
-0.00345637
-0.00348865
-0.00352078
-0.00355279
-0.0035847
-0.00361654
-0.00364834
-0.00368011
-0.0037119
-0.00374372
-0.00377559
-0.00380754
-0.00383959
-0.00387174
-0.00390403
-0.00393645
-0.00396903
-0.00400178
-0.0040347
-0.00406781
-0.00410111
-0.00413462
-0.00416833
-0.00420226
-0.00423641
-0.00427078
-0.00430539
-0.00434022
-0.00437531
-0.00441062
-0.0044462
-0.004482
-0.0045181
-0.0045544
-0.00459102
-0.00462783
-0.004665
-0.00470232
-0.00474006
-0.00477789
-0.0048162
-0.00485458
-0.00489345
-0.00493239
-0.00497183
-0.00501137
-0.00505133
-0.00509154
-0.00513199
-0.0051729
-0.00521382
-0.00525547
-0.00529688
-0.00533923
-0.00538121
-0.00542416
-0.00546687
-0.00551028
-0.00555385
-0.00559764
-0.00564211
-0.00568634
-0.00573158
-0.00577649
-0.00582224
-0.00586809
-0.00591418
-0.00596101
-0.0060076
-0.00605514
-0.00610259
-0.00615051
-0.00619905
-0.00624736
-0.00629675
-0.00634592
-0.00639565
-0.00644605
-0.00649609
-0.00654742
-0.00659834
-0.00664997
-0.0067022
-0.00675404
-0.00680712
-0.00685973
-0.00691277
-0.00696621
-0.00701878
-0.00707163
-0.0071234
-0.00717356
-0.00722237
-0.00726829
-0.007311
-0.00045692
-0.000464348
-0.000471872
-0.000479941
-0.000488828
-0.000498514
-0.00050871
-0.000519035
-0.000529253
-0.00053943
-0.000549893
-0.000561004
-0.000572881
-0.000585284
-0.000597746
-0.000609882
-0.000621682
-0.000633555
-0.000646079
-0.000659608
-0.000674018
-0.000688801
-0.000703421
-0.000717705
-0.000731959
-0.000746713
-0.000762309
-0.000778647
-0.00079528
-0.000811793
-0.000828145
-0.000844675
-0.000861797
-0.000879629
-0.000897907
-0.000916249
-0.000934494
-0.000952831
-0.000971603
-0.000990976
-0.00101078
-0.00103069
-0.00105054
-0.00107053
-0.00109096
-0.0011119
-0.00113311
-0.00115439
-0.00117574
-0.00119737
-0.00121942
-0.00124179
-0.00126431
-0.00128693
-0.00130976
-0.00133291
-0.00135641
-0.00138014
-0.00140398
-0.00142796
-0.00145224
-0.00147688
-0.00150173
-0.00152667
-0.00155182
-0.00157734
-0.00160311
-0.00162898
-0.00165504
-0.00168146
-0.00170814
-0.00173493
-0.00176193
-0.00178926
-0.00181685
-0.00184457
-0.0018725
-0.00190074
-0.00192926
-0.00195796
-0.00198684
-0.00201597
-0.00204538
-0.00207504
-0.00210489
-0.00213494
-0.00216523
-0.00219578
-0.00222656
-0.00225752
-0.00228871
-0.00232015
-0.00235181
-0.00238369
-0.00241577
-0.00244808
-0.0024806
-0.00251333
-0.00254625
-0.00257937
-0.00261267
-0.00264615
-0.00267978
-0.00271354
-0.00274739
-0.00278129
-0.00281525
-0.00284924
-0.00288328
-0.00291735
-0.00295142
-0.0029855
-0.00301957
-0.00305361
-0.00308759
-0.0031215
-0.00315529
-0.00318893
-0.00322241
-0.00325572
-0.00328888
-0.00332188
-0.00335472
-0.00338741
-0.00341995
-0.00345236
-0.00348466
-0.00351686
-0.00354897
-0.00358103
-0.00361304
-0.00364503
-0.00367701
-0.00370902
-0.00374106
-0.00377315
-0.00380531
-0.00383756
-0.00386992
-0.00390239
-0.00393499
-0.00396773
-0.00400062
-0.00403368
-0.00406691
-0.00410033
-0.00413393
-0.00416774
-0.00420174
-0.00423596
-0.0042704
-0.00430506
-0.00433994
-0.00437507
-0.00441042
-0.00444603
-0.00448186
-0.00451798
-0.0045543
-0.00459094
-0.00462776
-0.00466495
-0.00470227
-0.00474002
-0.00477786
-0.00481618
-0.00485455
-0.00489344
-0.00493238
-0.00497182
-0.00501136
-0.00505133
-0.00509153
-0.00513198
-0.0051729
-0.00521382
-0.00525547
-0.00529688
-0.00533923
-0.00538121
-0.00542416
-0.00546687
-0.00551028
-0.00555385
-0.00559764
-0.00564211
-0.00568634
-0.00573158
-0.00577649
-0.00582224
-0.00586809
-0.00591418
-0.00596102
-0.0060076
-0.00605514
-0.00610259
-0.00615051
-0.00619906
-0.00624737
-0.00629675
-0.00634592
-0.00639566
-0.00644606
-0.0064961
-0.00654744
-0.00659835
-0.00664999
-0.00670222
-0.00675406
-0.00680716
-0.00685977
-0.00691281
-0.00696626
-0.00701883
-0.00707168
-0.00712345
-0.0071736
-0.00722241
-0.00726832
-0.00731105
)
;

boundaryField
{
    zeroGradient_plane
    {
        type            zeroGradient;
    }
    inlet
    {
        type            zeroGradient;
    }
    plate
    {
        type            zeroGradient;
    }
    frontAndBack
    {
        type            empty;
    }
}


// ************************************************************************* //
