/*--------------------------------*- C++ -*----------------------------------*\
| =========                 |                                                 |
| \\      /  F ield         | OpenFOAM: The Open Source CFD Toolbox           |
|  \\    /   O peration     | Version:  v1906                                 |
|   \\  /    A nd           | Web:      www.OpenFOAM.com                      |
|    \\/     M anipulation  |                                                 |
\*---------------------------------------------------------------------------*/
FoamFile
{
    version     2.0;
    format      ascii;
    class       volScalarField;
    location    "0.2";
    object      p;
}
// * * * * * * * * * * * * * * * * * * * * * * * * * * * * * * * * * * * * * //

dimensions      [0 2 -2 0 0 0 0];


internalField   nonuniform List<scalar> 
4800
(
3.8822e-11
1.06264e-05
4.38214e-06
-5.07263e-06
6.78407e-05
0.000158088
0.000129068
4.94382e-05
8.33734e-05
0.000214409
0.000301021
0.000298722
0.000294807
0.000360643
0.000428419
0.000425255
0.000333548
0.000200464
8.84411e-05
3.58784e-05
3.46743e-06
1.04835e-05
4.09101e-07
-3.41648e-06
6.56456e-05
0.000156654
0.000128419
5.00246e-05
8.37497e-05
0.00021412
0.000299336
0.000292667
0.000277859
0.000310379
0.000345884
0.000314328
0.000211076
9.7549e-05
3.06134e-05
3.05023e-05
4.61217e-06
1.10322e-05
-3.07591e-06
-6.712e-06
6.55604e-05
0.000156177
0.000129974
5.20343e-05
8.14712e-05
0.000206095
0.000285348
0.00026875
0.000234222
0.000249814
0.00027737
0.000252723
0.000173919
9.28645e-05
5.39967e-05
6.68945e-05
1.83164e-06
1.80132e-05
-2.89434e-06
-1.84961e-05
6.34593e-05
0.000155531
0.000129794
5.46225e-05
7.64764e-05
0.000191788
0.000263176
0.000240109
0.000195989
0.000200669
0.000226982
0.000212303
0.000146516
7.72596e-05
4.84092e-05
6.54892e-05
-1.95241e-06
2.1661e-05
1.93404e-06
-2.88839e-05
5.36448e-05
0.000157069
0.000132477
5.07693e-05
6.45009e-05
0.000169839
0.000234755
0.000206205
0.000156342
0.000156557
0.000185682
0.00017915
0.000119679
5.36291e-05
3.11591e-05
5.6936e-05
-7.11634e-06
2.26549e-05
1.85659e-05
-3.85687e-05
2.96076e-05
0.000152678
0.000139811
4.70354e-05
4.51876e-05
0.000147016
0.000211264
0.000175602
0.000116579
0.000111772
0.0001459
0.000149844
9.83859e-05
3.43329e-05
1.23713e-05
4.23572e-05
-1.06996e-05
1.76622e-05
2.85346e-05
-2.98218e-05
4.23853e-06
0.000134314
0.000147232
3.81709e-05
1.46898e-05
0.00011054
0.000184741
0.000152475
8.17228e-05
6.53495e-05
0.000102631
0.000123668
8.75344e-05
2.56523e-05
-5.08963e-06
1.59913e-05
-1.23269e-05
1.03808e-05
3.31474e-05
-1.84991e-05
-2.07739e-05
9.83103e-05
0.000147744
5.49165e-05
-6.04836e-06
6.41161e-05
0.000150436
0.000137239
6.13848e-05
2.53801e-05
5.5525e-05
9.18456e-05
7.76894e-05
2.2246e-05
-2.11734e-05
-1.72843e-05
-1.27964e-05
1.36301e-06
2.88961e-05
-3.19849e-06
-2.73351e-05
5.70566e-05
0.000129682
6.92594e-05
-1.29779e-05
1.61961e-05
0.000101784
0.00011607
5.22354e-05
-4.60672e-07
9.81394e-06
4.87762e-05
5.60757e-05
1.77481e-05
-2.90373e-05
-4.33658e-05
-1.36814e-05
-6.41739e-06
1.90255e-05
5.36828e-06
-2.82427e-05
1.89924e-05
9.38939e-05
7.23949e-05
-5.3576e-06
-1.53825e-05
4.74425e-05
8.20826e-05
4.36186e-05
-1.32563e-05
-2.5562e-05
1.93702e-06
2.16314e-05
4.51464e-06
-3.44791e-05
-6.05099e-05
-1.5455e-05
-1.29345e-05
4.99819e-06
5.25997e-06
-2.30898e-05
-6.29613e-06
5.23448e-05
5.86521e-05
8.09871e-07
-3.22737e-05
-4.17097e-07
3.73501e-05
2.44293e-05
-2.10119e-05
-4.77893e-05
-3.83244e-05
-1.93846e-05
-2.13885e-05
-4.67247e-05
-7.41492e-05
-1.88998e-05
-1.87995e-05
-7.89792e-06
-2.04086e-06
-2.12905e-05
-2.2534e-05
1.37427e-05
3.11404e-05
-2.26822e-06
-3.89715e-05
-3.39643e-05
-7.54829e-06
-5.11632e-06
-3.36289e-05
-6.27617e-05
-6.89235e-05
-5.93674e-05
-5.56802e-05
-6.83287e-05
-8.93128e-05
-2.41366e-05
-2.48514e-05
-1.98565e-05
-1.44853e-05
-2.51927e-05
-3.29973e-05
-1.64527e-05
-6.81953e-07
-1.60844e-05
-4.64145e-05
-5.67823e-05
-4.54365e-05
-3.97688e-05
-5.46636e-05
-7.81987e-05
-9.20203e-05
-9.2393e-05
-9.03242e-05
-9.61888e-05
-0.000110024
-3.09283e-05
-3.20161e-05
-3.09626e-05
-2.80605e-05
-3.39904e-05
-4.32011e-05
-3.97991e-05
-3.10343e-05
-3.76291e-05
-5.87165e-05
-7.39261e-05
-7.47212e-05
-7.2723e-05
-8.08604e-05
-9.76542e-05
-0.000112703
-0.000119963
-0.000122415
-0.000126565
-0.000135295
-3.88927e-05
-4.02274e-05
-4.16024e-05
-4.186e-05
-4.64571e-05
-5.49869e-05
-5.84187e-05
-5.69403e-05
-6.14762e-05
-7.57149e-05
-9.06905e-05
-9.8542e-05
-0.000101994
-0.00010856
-0.000120415
-0.000133458
-0.000143264
-0.000149386
-0.00015467
-0.000161774
-4.76196e-05
-4.93347e-05
-5.22647e-05
-5.51825e-05
-6.02238e-05
-6.82015e-05
-7.49396e-05
-7.88359e-05
-8.44982e-05
-9.543e-05
-0.0001087
-0.000119346
-0.000126746
-0.000134098
-0.000143784
-0.000154982
-0.000165388
-0.000173832
-0.000180954
-0.00018804
-5.67147e-05
-5.88766e-05
-6.28699e-05
-6.77374e-05
-7.39239e-05
-8.20424e-05
-9.04846e-05
-9.77213e-05
-0.000105236
-0.000115198
-0.000127085
-0.000138447
-0.000148116
-0.000157045
-0.000166585
-0.000176859
-0.000186925
-0.000195953
-0.000203912
-0.000211357
-6.56157e-05
-6.82238e-05
-7.30303e-05
-7.92595e-05
-8.66543e-05
-9.53603e-05
-0.000104768
-0.000113985
-0.000123216
-0.000133397
-0.000144662
-0.000156092
-0.000166817
-0.000176826
-0.000186642
-0.000196564
-0.000206395
-0.000215751
-0.000224435
-0.000232526
-7.38116e-05
-7.671e-05
-8.20299e-05
-8.9073e-05
-9.73599e-05
-0.000106685
-0.000116726
-0.000127023
-0.000137436
-0.000148182
-0.00015936
-0.000170692
-0.000181776
-0.000192433
-0.000202729
-0.000212764
-0.000222507
-0.00023183
-0.000240629
-0.000248894
-8.12942e-05
-8.48263e-05
-9.09725e-05
-9.90344e-05
-0.000108441
-0.000118788
-0.000129743
-0.000140995
-0.000152366
-0.000163847
-0.000175453
-0.000187092
-0.000198592
-0.000209802
-0.000220637
-0.000231056
-0.000241018
-0.000250482
-0.00025943
-0.000267877
7.79118e-05
0.000228199
0.000391179
0.000492936
0.000534832
0.000538121
0.000493194
0.00037576
0.000203596
4.27283e-05
-5.10685e-05
-8.25768e-05
-0.000100603
-0.000133181
-0.000162626
-0.000163343
-0.000140853
-0.000129436
-0.000157021
-0.000213629
-0.000264216
-0.000292691
-0.000314628
-0.000346634
-0.00038227
-0.000401201
-0.000398345
-0.000398347
-0.000424712
-0.000464448
-0.000492769
-0.00051368
-0.000541767
-0.000568856
-0.000581372
-0.000587907
-0.000605173
-0.000633948
-0.000663704
-0.000688624
-0.000709404
-0.000726849
-0.000742343
-0.000761452
-0.000788274
-0.000817069
-0.00083843
-0.000853406
-0.000872024
-0.000897984
-0.000924548
-0.000946284
-0.000966005
-0.000988222
-0.00101261
-0.00103651
-0.00105953
-0.00108301
-0.00110737
-0.00113181
-0.00115596
-0.00118042
-0.00120595
-0.00123266
-0.00125991
-0.00128684
-0.00131307
-0.00133917
-0.00136653
-0.00139673
-0.0014306
-0.00146774
-0.00150643
-0.00154423
-0.00157877
-0.00160841
-0.00163261
-0.00165184
-0.00166727
-0.00168035
-0.00169241
-0.00170449
-0.00171728
-0.0017311
-0.00174603
-0.00176215
-0.00177922
-0.0017972
-0.00181591
-0.00183525
-0.00185512
-0.00187545
-0.00189618
-0.00191728
-0.00193871
-0.00196045
-0.00198248
-0.00200478
-0.00202735
-0.00205016
-0.00207322
-0.00209651
-0.00212004
-0.00214378
-0.00216775
-0.00219193
-0.00221632
-0.00224093
-0.00226574
-0.00229076
-0.00231599
-0.00234142
-0.00236706
-0.0023929
-0.00241894
-0.00244519
-0.00247164
-0.0024983
-0.00252516
-0.00255222
-0.0025795
-0.00260697
-0.00263466
-0.00266255
-0.00269066
-0.00271897
-0.0027475
-0.00277624
-0.00280519
-0.00283436
-0.00286374
-0.00289335
-0.00292317
-0.00295321
-0.00298348
-0.00301397
-0.00304469
-0.00307563
-0.0031068
-0.0031382
-0.00316984
-0.00320171
-0.00323381
-0.00326615
-0.00329873
-0.00333155
-0.00336461
-0.00339791
-0.00343147
-0.00346526
-0.00349931
-0.00353361
-0.00356816
-0.00360297
-0.00363804
-0.00367336
-0.00370894
-0.00374479
-0.0037809
-0.00381727
-0.00385392
-0.00389083
-0.00392802
-0.00396548
-0.00400322
-0.00404123
-0.00407953
-0.00411811
-0.00415697
-0.00419612
-0.00423556
-0.00427529
-0.00431531
-0.00435563
-0.00439625
-0.00443716
-0.00447838
-0.0045199
-0.00456173
-0.00460386
-0.00464631
-0.00468907
-0.00473214
-0.00477554
-0.00481925
-0.00486329
-0.00490763
-0.00495235
-0.00499732
-0.00504273
-0.00508833
-0.00513446
-0.00518067
-0.00522757
-0.00527438
-0.00532204
-0.0053695
-0.00541785
-0.00546611
-0.00551498
-0.00556425
-0.00561345
-0.00566389
-0.00571344
-0.00576481
-0.00581518
-0.00586689
-0.00591867
-0.00597035
-0.00602347
-0.00607561
-0.006129
-0.00618234
-0.00623512
-0.00628854
-0.00634044
-0.00639066
-0.00643891
-0.00648183
-0.00651874
8.84388e-05
0.000177592
0.000262829
0.000326529
0.000373196
0.000402187
0.000394303
0.00032415
0.00019617
5.95056e-05
-3.30449e-05
-7.51048e-05
-0.000102104
-0.000142391
-0.000181006
-0.000185932
-0.000159382
-0.000140427
-0.000161623
-0.000214695
-0.000264113
-0.000293148
-0.000317775
-0.000352771
-0.000389267
-0.000408059
-0.000404575
-0.000401984
-0.000425875
-0.000466129
-0.000495849
-0.000516823
-0.000545072
-0.000572772
-0.000584917
-0.00059035
-0.000606936
-0.000635748
-0.00066615
-0.000691681
-0.000712167
-0.000728849
-0.000744171
-0.00076347
-0.000790181
-0.000818903
-0.000840523
-0.000855519
-0.000873709
-0.000899426
-0.000926204
-0.000948123
-0.000967687
-0.000989674
-0.001014
-0.00103794
-0.00106097
-0.00108444
-0.00110876
-0.00113309
-0.00115708
-0.00118141
-0.00120695
-0.00123374
-0.00126103
-0.00128787
-0.00131387
-0.00133963
-0.00136659
-0.00139635
-0.00142976
-0.00146638
-0.00150454
-0.00154184
-0.00157602
-0.00160553
-0.00162986
-0.00164947
-0.00166543
-0.00167909
-0.00169169
-0.00170422
-0.00171735
-0.00173142
-0.0017464
-0.00176243
-0.00177934
-0.00179722
-0.00181588
-0.00183519
-0.00185505
-0.00187538
-0.00189611
-0.00191722
-0.00193865
-0.0019604
-0.00198243
-0.00200474
-0.00202731
-0.00205013
-0.00207319
-0.00209649
-0.00212001
-0.00214376
-0.00216773
-0.00219191
-0.00221631
-0.00224092
-0.00226573
-0.00229075
-0.00231598
-0.00234141
-0.00236705
-0.00239289
-0.00241894
-0.00244519
-0.00247164
-0.00249829
-0.00252516
-0.00255222
-0.00257949
-0.00260697
-0.00263466
-0.00266255
-0.00269066
-0.00271897
-0.0027475
-0.00277624
-0.00280519
-0.00283436
-0.00286374
-0.00289335
-0.00292317
-0.00295321
-0.00298348
-0.00301397
-0.00304469
-0.00307563
-0.0031068
-0.0031382
-0.00316984
-0.00320171
-0.00323381
-0.00326615
-0.00329873
-0.00333155
-0.00336461
-0.00339791
-0.00343147
-0.00346526
-0.00349931
-0.00353361
-0.00356816
-0.00360297
-0.00363804
-0.00367336
-0.00370894
-0.00374479
-0.0037809
-0.00381727
-0.00385392
-0.00389083
-0.00392802
-0.00396548
-0.00400322
-0.00404123
-0.00407953
-0.00411811
-0.00415697
-0.00419612
-0.00423556
-0.00427529
-0.00431531
-0.00435563
-0.00439625
-0.00443716
-0.00447838
-0.0045199
-0.00456173
-0.00460386
-0.00464631
-0.00468907
-0.00473214
-0.00477554
-0.00481924
-0.00486329
-0.00490763
-0.00495235
-0.00499732
-0.00504273
-0.00508833
-0.00513447
-0.00518067
-0.00522757
-0.00527437
-0.00532204
-0.00536949
-0.00541786
-0.0054661
-0.00551498
-0.00556426
-0.00561345
-0.0056639
-0.00571343
-0.00576483
-0.00581517
-0.0058669
-0.00591868
-0.00597034
-0.00602348
-0.0060756
-0.006129
-0.00618236
-0.0062351
-0.00628858
-0.00634043
-0.00639072
-0.00643889
-0.006482
-0.00651914
0.000115151
0.000173211
0.00022289
0.000264168
0.000304731
0.000337784
0.00034243
0.000297348
0.000202998
9.315e-05
8.58954e-06
-3.96765e-05
-7.64036e-05
-0.000128155
-0.000181695
-0.000198375
-0.000173
-0.000147081
-0.000160066
-0.000206973
-0.000252338
-0.000280052
-0.000307591
-0.000348345
-0.000389668
-0.000410605
-0.000406448
-0.000400616
-0.000421398
-0.000461228
-0.00049173
-0.000513165
-0.000542696
-0.000572127
-0.000584344
-0.000588488
-0.000604303
-0.000633395
-0.000664736
-0.000691222
-0.000711721
-0.000727472
-0.000742113
-0.000761586
-0.000788902
-0.000818226
-0.000840122
-0.000854829
-0.000872552
-0.000898311
-0.000925538
-0.000947608
-0.000966906
-0.00098877
-0.00101338
-0.00103763
-0.00106057
-0.00108366
-0.00110773
-0.00113225
-0.00115676
-0.00118151
-0.00120685
-0.00123277
-0.00125902
-0.0012854
-0.00131198
-0.00133914
-0.00136745
-0.00139741
-0.00142912
-0.00146213
-0.00149546
-0.00152784
-0.00155807
-0.00158529
-0.00160918
-0.00162994
-0.00164815
-0.00166459
-0.00168002
-0.00169511
-0.00171035
-0.00172605
-0.00174256
-0.00175977
-0.00177773
-0.00179621
-0.00181523
-0.00183475
-0.00185473
-0.00187513
-0.00189592
-0.00191706
-0.00193852
-0.00196029
-0.00198234
-0.00200466
-0.00202724
-0.00205007
-0.00207314
-0.00209644
-0.00211997
-0.00214372
-0.0021677
-0.00219188
-0.00221628
-0.00224089
-0.00226571
-0.00229074
-0.00231597
-0.0023414
-0.00236704
-0.00239288
-0.00241893
-0.00244518
-0.00247163
-0.00249829
-0.00252515
-0.00255222
-0.00257949
-0.00260697
-0.00263466
-0.00266255
-0.00269065
-0.00271897
-0.0027475
-0.00277623
-0.00280519
-0.00283436
-0.00286374
-0.00289335
-0.00292317
-0.00295321
-0.00298348
-0.00301397
-0.00304469
-0.00307563
-0.0031068
-0.0031382
-0.00316984
-0.00320171
-0.00323381
-0.00326615
-0.00329873
-0.00333155
-0.00336461
-0.00339791
-0.00343147
-0.00346526
-0.00349931
-0.00353361
-0.00356816
-0.00360297
-0.00363803
-0.00367336
-0.00370894
-0.00374479
-0.0037809
-0.00381727
-0.00385392
-0.00389083
-0.00392802
-0.00396548
-0.00400322
-0.00404123
-0.00407953
-0.00411811
-0.00415697
-0.00419612
-0.00423556
-0.00427529
-0.00431531
-0.00435563
-0.00439625
-0.00443716
-0.00447838
-0.0045199
-0.00456173
-0.00460386
-0.00464631
-0.00468907
-0.00473214
-0.00477554
-0.00481924
-0.00486329
-0.00490763
-0.00495235
-0.00499732
-0.00504273
-0.00508833
-0.00513447
-0.00518067
-0.00522757
-0.00527437
-0.00532204
-0.00536949
-0.00541786
-0.0054661
-0.00551499
-0.00556425
-0.00561345
-0.0056639
-0.00571342
-0.00576484
-0.00581516
-0.00586691
-0.00591867
-0.00597034
-0.00602349
-0.0060756
-0.00612901
-0.00618237
-0.00623509
-0.00628861
-0.00634044
-0.00639075
-0.00643893
-0.00648214
-0.00651936
0.000106729
0.00014687
0.000172277
0.000191199
0.000218138
0.000248393
0.00025843
0.000225191
0.000149179
6.11736e-05
-4.02163e-06
-4.04699e-05
-7.32582e-05
-0.000126654
-0.000188106
-0.000217751
-0.000201504
-0.000174768
-0.000181695
-0.000223004
-0.000262647
-0.000283717
-0.000306967
-0.000349563
-0.000397693
-0.000424523
-0.000421227
-0.000412255
-0.000429238
-0.000466533
-0.000495462
-0.000516184
-0.000547161
-0.000579788
-0.000593667
-0.000596212
-0.000609248
-0.000636789
-0.000668186
-0.000695811
-0.000717661
-0.000733676
-0.000747031
-0.000764947
-0.000792037
-0.000822394
-0.000845036
-0.000859252
-0.000875998
-0.000901473
-0.000929105
-0.00095141
-0.000970434
-0.000991931
-0.00101642
-0.00104067
-0.00106356
-0.00108654
-0.00111053
-0.00113493
-0.00115923
-0.00118369
-0.00120881
-0.00123466
-0.00126098
-0.00128744
-0.00131392
-0.0013406
-0.00136798
-0.00139662
-0.00142683
-0.00145843
-0.00149068
-0.00152248
-0.00155264
-0.00158026
-0.00160489
-0.00162658
-0.00164575
-0.00166305
-0.00167918
-0.00169478
-0.00171035
-0.00172625
-0.0017427
-0.00175973
-0.00177748
-0.00179587
-0.00181487
-0.0018344
-0.00185442
-0.00187485
-0.00189567
-0.00191684
-0.00193833
-0.00196012
-0.00198219
-0.00200453
-0.00202713
-0.00204997
-0.00207305
-0.00209637
-0.00211991
-0.00214367
-0.00216765
-0.00219184
-0.00221624
-0.00224086
-0.00226568
-0.00229071
-0.00231594
-0.00234138
-0.00236702
-0.00239287
-0.00241891
-0.00244517
-0.00247162
-0.00249828
-0.00252514
-0.00255221
-0.00257948
-0.00260696
-0.00263465
-0.00266255
-0.00269065
-0.00271897
-0.00274749
-0.00277623
-0.00280519
-0.00283436
-0.00286374
-0.00289334
-0.00292317
-0.00295321
-0.00298348
-0.00301397
-0.00304469
-0.00307563
-0.0031068
-0.0031382
-0.00316984
-0.00320171
-0.00323381
-0.00326615
-0.00329873
-0.00333155
-0.00336461
-0.00339791
-0.00343147
-0.00346526
-0.00349931
-0.00353361
-0.00356816
-0.00360297
-0.00363803
-0.00367336
-0.00370894
-0.00374479
-0.0037809
-0.00381727
-0.00385392
-0.00389083
-0.00392802
-0.00396548
-0.00400322
-0.00404123
-0.00407953
-0.00411811
-0.00415697
-0.00419612
-0.00423556
-0.00427529
-0.00431531
-0.00435563
-0.00439625
-0.00443716
-0.00447838
-0.0045199
-0.00456173
-0.00460386
-0.00464631
-0.00468907
-0.00473214
-0.00477554
-0.00481924
-0.00486329
-0.00490763
-0.00495235
-0.00499732
-0.00504273
-0.00508833
-0.00513447
-0.00518067
-0.00522757
-0.00527437
-0.00532205
-0.00536949
-0.00541786
-0.0054661
-0.00551499
-0.00556425
-0.00561345
-0.00566391
-0.00571341
-0.00576485
-0.00581515
-0.00586692
-0.00591867
-0.00597034
-0.0060235
-0.0060756
-0.00612901
-0.00618239
-0.00623509
-0.00628864
-0.00634046
-0.00639078
-0.00643899
-0.00648222
-0.00651957
0.000101514
0.000132608
0.000138021
0.000134896
0.000147438
0.000176181
0.000194264
0.000171705
0.00010678
3.12104e-05
-2.01701e-05
-4.26409e-05
-6.39111e-05
-0.000110747
-0.000173427
-0.000214312
-0.000212463
-0.000190802
-0.000193425
-0.000231451
-0.000270258
-0.000285681
-0.000298327
-0.000334377
-0.000386524
-0.000424103
-0.000428215
-0.000418485
-0.000431441
-0.000466436
-0.000492939
-0.000509733
-0.000539703
-0.000576928
-0.000596316
-0.000599665
-0.000609384
-0.000633683
-0.000663972
-0.000692366
-0.000716474
-0.000734859
-0.000748016
-0.000762938
-0.000787999
-0.000819909
-0.000845244
-0.000859665
-0.000874545
-0.000899077
-0.000927532
-0.000950705
-0.000969546
-0.000990525
-0.001015
-0.00103954
-0.00106249
-0.00108524
-0.00110901
-0.00113343
-0.0011579
-0.00118249
-0.00120751
-0.00123295
-0.00125866
-0.00128461
-0.00131092
-0.00133779
-0.00136543
-0.00139397
-0.00142331
-0.0014531
-0.00148279
-0.00151171
-0.00153925
-0.001565
-0.00158876
-0.0016106
-0.00163078
-0.0016497
-0.00166776
-0.00168538
-0.00170286
-0.00172045
-0.00173833
-0.00175656
-0.00177519
-0.00179423
-0.00181367
-0.00183351
-0.00185373
-0.00187431
-0.00189523
-0.00191648
-0.00193803
-0.00195987
-0.00198198
-0.00200435
-0.00202697
-0.00204983
-0.00207293
-0.00209626
-0.00211981
-0.00214359
-0.00216758
-0.00219178
-0.00221619
-0.00224081
-0.00226564
-0.00229067
-0.00231591
-0.00234135
-0.002367
-0.00239284
-0.00241889
-0.00244515
-0.0024716
-0.00249827
-0.00252513
-0.0025522
-0.00257947
-0.00260696
-0.00263464
-0.00266254
-0.00269065
-0.00271896
-0.00274749
-0.00277623
-0.00280518
-0.00283435
-0.00286374
-0.00289334
-0.00292317
-0.00295321
-0.00298348
-0.00301397
-0.00304469
-0.00307563
-0.0031068
-0.0031382
-0.00316984
-0.00320171
-0.00323381
-0.00326615
-0.00329873
-0.00333155
-0.00336461
-0.00339791
-0.00343147
-0.00346526
-0.00349931
-0.00353361
-0.00356816
-0.00360297
-0.00363803
-0.00367336
-0.00370894
-0.00374479
-0.0037809
-0.00381727
-0.00385392
-0.00389083
-0.00392802
-0.00396548
-0.00400322
-0.00404123
-0.00407953
-0.00411811
-0.00415697
-0.00419612
-0.00423556
-0.00427529
-0.00431531
-0.00435563
-0.00439625
-0.00443716
-0.00447838
-0.0045199
-0.00456173
-0.00460386
-0.00464631
-0.00468907
-0.00473214
-0.00477554
-0.00481924
-0.00486329
-0.00490763
-0.00495235
-0.00499732
-0.00504273
-0.00508833
-0.00513447
-0.00518067
-0.00522757
-0.00527437
-0.00532205
-0.00536948
-0.00541787
-0.00546609
-0.00551499
-0.00556425
-0.00561345
-0.00566391
-0.00571341
-0.00576486
-0.00581514
-0.00586693
-0.00591868
-0.00597033
-0.00602351
-0.0060756
-0.00612902
-0.00618242
-0.00623509
-0.00628867
-0.00634049
-0.00639081
-0.00643906
-0.00648231
-0.00651975
9.09175e-05
0.000119424
0.000112217
8.96099e-05
8.455e-05
0.000106216
0.000130258
0.000120993
6.80979e-05
-2.63224e-07
-4.6432e-05
-6.10847e-05
-6.94194e-05
-0.000103028
-0.000161471
-0.00021116
-0.000224887
-0.000211789
-0.000210122
-0.00024329
-0.000285914
-0.0003035
-0.000307251
-0.000330234
-0.000377707
-0.000423598
-0.000439912
-0.000433125
-0.000441062
-0.000473779
-0.000500364
-0.000512601
-0.000537008
-0.000576219
-0.00060317
-0.000610641
-0.000617992
-0.000637724
-0.000665212
-0.000693077
-0.000718892
-0.000740858
-0.000756089
-0.000768297
-0.000788803
-0.000820387
-0.000849542
-0.000865967
-0.000878728
-0.000900903
-0.000929781
-0.000954454
-0.000973419
-0.000993475
-0.00101747
-0.00104221
-0.00106531
-0.00108793
-0.00111151
-0.00113582
-0.00116012
-0.00118444
-0.00120915
-0.00123436
-0.00125998
-0.00128589
-0.00131206
-0.00133856
-0.00136546
-0.00139288
-0.00142084
-0.00144923
-0.00147772
-0.00150584
-0.00153306
-0.00155895
-0.0015832
-0.00160577
-0.00162676
-0.00164645
-0.00166518
-0.00168331
-0.00170116
-0.001719
-0.00173702
-0.00175536
-0.00177409
-0.00179322
-0.00181277
-0.00183272
-0.00185304
-0.00187372
-0.00189472
-0.00191604
-0.00193765
-0.00195954
-0.00198169
-0.0020041
-0.00202675
-0.00204964
-0.00207277
-0.00209612
-0.00211969
-0.00214348
-0.00216748
-0.00219169
-0.00221612
-0.00224075
-0.00226558
-0.00229062
-0.00231587
-0.00234131
-0.00236696
-0.00239281
-0.00241887
-0.00244513
-0.00247158
-0.00249825
-0.00252511
-0.00255219
-0.00257946
-0.00260694
-0.00263463
-0.00266253
-0.00269064
-0.00271896
-0.00274748
-0.00277622
-0.00280518
-0.00283435
-0.00286374
-0.00289334
-0.00292316
-0.00295321
-0.00298348
-0.00301397
-0.00304468
-0.00307563
-0.0031068
-0.0031382
-0.00316984
-0.00320171
-0.00323381
-0.00326615
-0.00329873
-0.00333155
-0.00336461
-0.00339791
-0.00343147
-0.00346526
-0.00349931
-0.00353361
-0.00356816
-0.00360297
-0.00363803
-0.00367336
-0.00370894
-0.00374479
-0.0037809
-0.00381727
-0.00385392
-0.00389083
-0.00392802
-0.00396548
-0.00400322
-0.00404123
-0.00407953
-0.00411811
-0.00415697
-0.00419612
-0.00423556
-0.00427529
-0.00431531
-0.00435563
-0.00439625
-0.00443716
-0.00447838
-0.0045199
-0.00456173
-0.00460386
-0.00464631
-0.00468907
-0.00473214
-0.00477554
-0.00481924
-0.00486329
-0.00490763
-0.00495235
-0.00499732
-0.00504273
-0.00508833
-0.00513447
-0.00518067
-0.00522758
-0.00527437
-0.00532205
-0.00536948
-0.00541787
-0.00546609
-0.00551499
-0.00556426
-0.00561344
-0.00566392
-0.0057134
-0.00576487
-0.00581513
-0.00586693
-0.00591868
-0.00597033
-0.00602352
-0.0060756
-0.00612903
-0.00618244
-0.00623511
-0.0062887
-0.00634053
-0.00639085
-0.00643913
-0.0064824
-0.00651989
6.27641e-05
9.50281e-05
8.83613e-05
5.58024e-05
3.37173e-05
4.2174e-05
6.64104e-05
7.11543e-05
3.50341e-05
-2.5084e-05
-7.27091e-05
-8.91502e-05
-8.98314e-05
-0.000108154
-0.000156785
-0.000210497
-0.000237423
-0.000234383
-0.00022957
-0.000252727
-0.000294682
-0.000319708
-0.000322982
-0.000334529
-0.000371123
-0.000417898
-0.000445966
-0.000447217
-0.000450631
-0.000477847
-0.000506852
-0.000519178
-0.000536026
-0.000571382
-0.000603915
-0.000617969
-0.000625793
-0.000641808
-0.000665758
-0.000691852
-0.000717739
-0.000742074
-0.000760733
-0.000773176
-0.000789338
-0.000817588
-0.00084901
-0.00086936
-0.000881836
-0.000900809
-0.000928592
-0.000954842
-0.000974843
-0.000994195
-0.00101734
-0.0010421
-0.00106546
-0.0010879
-0.0011111
-0.00113518
-0.00115946
-0.00118375
-0.0012083
-0.00123324
-0.00125845
-0.00128387
-0.00130956
-0.0013356
-0.00136206
-0.00138893
-0.00141612
-0.00144343
-0.00147058
-0.00149722
-0.00152304
-0.00154782
-0.00157145
-0.00159392
-0.00161533
-0.00163588
-0.00165575
-0.00167519
-0.00169437
-0.00171346
-0.0017326
-0.00175187
-0.00177135
-0.00179107
-0.00181107
-0.00183136
-0.00185194
-0.00187282
-0.00189398
-0.00191541
-0.00193712
-0.00195909
-0.0019813
-0.00200376
-0.00202646
-0.00204939
-0.00207255
-0.00209593
-0.00211952
-0.00214333
-0.00216735
-0.00219158
-0.00221602
-0.00224066
-0.00226551
-0.00229056
-0.00231581
-0.00234126
-0.00236692
-0.00239277
-0.00241883
-0.0024451
-0.00247156
-0.00249822
-0.00252509
-0.00255217
-0.00257945
-0.00260693
-0.00263462
-0.00266252
-0.00269063
-0.00271895
-0.00274748
-0.00277622
-0.00280517
-0.00283435
-0.00286373
-0.00289334
-0.00292316
-0.00295321
-0.00298347
-0.00301397
-0.00304468
-0.00307563
-0.0031068
-0.0031382
-0.00316984
-0.0032017
-0.00323381
-0.00326615
-0.00329873
-0.00333155
-0.00336461
-0.00339791
-0.00343147
-0.00346526
-0.00349931
-0.00353361
-0.00356816
-0.00360297
-0.00363803
-0.00367336
-0.00370894
-0.00374479
-0.0037809
-0.00381727
-0.00385392
-0.00389083
-0.00392802
-0.00396548
-0.00400322
-0.00404123
-0.00407953
-0.00411811
-0.00415697
-0.00419612
-0.00423556
-0.00427529
-0.00431531
-0.00435563
-0.00439625
-0.00443716
-0.00447838
-0.0045199
-0.00456173
-0.00460386
-0.00464631
-0.00468907
-0.00473214
-0.00477554
-0.00481924
-0.00486329
-0.00490763
-0.00495235
-0.00499732
-0.00504273
-0.00508833
-0.00513447
-0.00518067
-0.00522758
-0.00527437
-0.00532205
-0.00536948
-0.00541787
-0.00546609
-0.00551499
-0.00556426
-0.00561344
-0.00566393
-0.00571339
-0.00576488
-0.00581513
-0.00586693
-0.00591869
-0.00597032
-0.00602354
-0.0060756
-0.00612904
-0.00618246
-0.00623512
-0.00628873
-0.00634057
-0.00639089
-0.00643919
-0.00648249
-0.00652002
2.23145e-05
5.95256e-05
6.28034e-05
3.16606e-05
-2.34576e-06
-1.03636e-05
5.87672e-06
1.87241e-05
2.19168e-07
-4.85028e-05
-9.73168e-05
-0.000120134
-0.000120322
-0.000126316
-0.000160419
-0.0002104
-0.000245346
-0.00025286
-0.000249717
-0.000263736
-0.00030017
-0.000331938
-0.000341499
-0.000347411
-0.000371984
-0.00041232
-0.000446738
-0.000458622
-0.000461528
-0.00048127
-0.000511195
-0.000528335
-0.000540851
-0.000568535
-0.000602002
-0.000622429
-0.000633194
-0.000647497
-0.000668606
-0.000692858
-0.000717787
-0.000742302
-0.000763441
-0.000778723
-0.000793503
-0.000817044
-0.000847233
-0.000871464
-0.000886521
-0.000903332
-0.000928445
-0.00095523
-0.000976947
-0.000996312
-0.00101837
-0.00104275
-0.00106648
-0.00108913
-0.00111212
-0.00113595
-0.00116006
-0.00118412
-0.00120834
-0.00123293
-0.00125787
-0.00128306
-0.0013085
-0.0013342
-0.00136015
-0.0013863
-0.0014126
-0.00143895
-0.00146518
-0.0014911
-0.00151647
-0.00154111
-0.00156488
-0.00158771
-0.00160965
-0.00163077
-0.00165123
-0.00167121
-0.00169088
-0.00171041
-0.00172992
-0.00174953
-0.0017693
-0.0017893
-0.00180953
-0.00183003
-0.0018508
-0.00187183
-0.00189312
-0.00191468
-0.00193648
-0.00195853
-0.00198082
-0.00200335
-0.0020261
-0.00204908
-0.00207227
-0.00209569
-0.00211931
-0.00214315
-0.00216719
-0.00219144
-0.00221589
-0.00224055
-0.00226541
-0.00229047
-0.00231573
-0.0023412
-0.00236686
-0.00239273
-0.00241879
-0.00244506
-0.00247153
-0.0024982
-0.00252507
-0.00255215
-0.00257943
-0.00260691
-0.00263461
-0.00266251
-0.00269062
-0.00271894
-0.00274747
-0.00277621
-0.00280517
-0.00283434
-0.00286373
-0.00289333
-0.00292316
-0.0029532
-0.00298347
-0.00301396
-0.00304468
-0.00307562
-0.0031068
-0.0031382
-0.00316984
-0.0032017
-0.00323381
-0.00326615
-0.00329873
-0.00333155
-0.00336461
-0.00339791
-0.00343147
-0.00346526
-0.00349931
-0.00353361
-0.00356816
-0.00360297
-0.00363803
-0.00367336
-0.00370894
-0.00374479
-0.0037809
-0.00381727
-0.00385392
-0.00389083
-0.00392802
-0.00396548
-0.00400322
-0.00404123
-0.00407953
-0.00411811
-0.00415697
-0.00419612
-0.00423556
-0.00427529
-0.00431531
-0.00435563
-0.00439625
-0.00443716
-0.00447838
-0.0045199
-0.00456173
-0.00460386
-0.00464631
-0.00468907
-0.00473214
-0.00477554
-0.00481924
-0.00486329
-0.00490763
-0.00495235
-0.00499732
-0.00504273
-0.00508833
-0.00513447
-0.00518067
-0.00522758
-0.00527437
-0.00532205
-0.00536948
-0.00541787
-0.0054661
-0.00551499
-0.00556426
-0.00561344
-0.00566393
-0.00571339
-0.00576488
-0.00581513
-0.00586693
-0.0059187
-0.00597032
-0.00602355
-0.00607561
-0.00612905
-0.00618248
-0.00623515
-0.00628876
-0.00634062
-0.00639093
-0.00643926
-0.00648256
-0.00652012
-1.95596e-05
1.50067e-05
2.77623e-05
6.53813e-06
-2.96139e-05
-5.10558e-05
-4.7199e-05
-3.42259e-05
-3.93087e-05
-7.28624e-05
-0.000116424
-0.000144586
-0.000151232
-0.000153718
-0.0001746
-0.000214374
-0.000251015
-0.000268168
-0.000271116
-0.000279757
-0.000306977
-0.000339561
-0.000357116
-0.000364199
-0.000380257
-0.000411402
-0.000445788
-0.000466389
-0.000473412
-0.000487488
-0.000514702
-0.000536719
-0.000549542
-0.000570165
-0.000600345
-0.000624782
-0.000639707
-0.000654205
-0.000673377
-0.000695828
-0.000719351
-0.00074282
-0.000764994
-0.00078371
-0.000799818
-0.000819625
-0.000846095
-0.00087207
-0.000890929
-0.00090753
-0.000929605
-0.000955488
-0.000978806
-0.000999056
-0.00102032
-0.00104386
-0.00106759
-0.00109037
-0.0011131
-0.00113653
-0.00116043
-0.0011844
-0.00120848
-0.00123284
-0.00125745
-0.00128224
-0.00130718
-0.0013323
-0.0013576
-0.00138304
-0.00140857
-0.00143408
-0.00145945
-0.00148451
-0.00150912
-0.00153316
-0.00155655
-0.00157928
-0.00160138
-0.00162291
-0.00164397
-0.00166466
-0.00168511
-0.00170541
-0.00172566
-0.00174592
-0.00176627
-0.00178675
-0.0018074
-0.00182824
-0.00184928
-0.00187054
-0.00189203
-0.00191374
-0.00193568
-0.00195784
-0.00198023
-0.00200283
-0.00202565
-0.00204868
-0.00207193
-0.00209538
-0.00211905
-0.00214292
-0.00216699
-0.00219126
-0.00221574
-0.00224041
-0.00226529
-0.00229037
-0.00231564
-0.00234112
-0.00236679
-0.00239266
-0.00241874
-0.00244501
-0.00247148
-0.00249816
-0.00252504
-0.00255212
-0.0025794
-0.00260689
-0.00263459
-0.00266249
-0.00269061
-0.00271893
-0.00274746
-0.0027762
-0.00280516
-0.00283433
-0.00286372
-0.00289333
-0.00292315
-0.0029532
-0.00298347
-0.00301396
-0.00304468
-0.00307562
-0.0031068
-0.0031382
-0.00316983
-0.0032017
-0.00323381
-0.00326615
-0.00329873
-0.00333155
-0.00336461
-0.00339791
-0.00343146
-0.00346526
-0.00349931
-0.00353361
-0.00356816
-0.00360297
-0.00363803
-0.00367336
-0.00370894
-0.00374479
-0.0037809
-0.00381727
-0.00385392
-0.00389083
-0.00392802
-0.00396548
-0.00400322
-0.00404123
-0.00407953
-0.00411811
-0.00415697
-0.00419612
-0.00423556
-0.00427529
-0.00431531
-0.00435563
-0.00439625
-0.00443716
-0.00447838
-0.0045199
-0.00456173
-0.00460386
-0.00464631
-0.00468907
-0.00473214
-0.00477554
-0.00481924
-0.00486329
-0.00490763
-0.00495235
-0.00499732
-0.00504273
-0.00508833
-0.00513447
-0.00518067
-0.00522758
-0.00527437
-0.00532205
-0.00536948
-0.00541787
-0.0054661
-0.00551499
-0.00556427
-0.00561343
-0.00566394
-0.00571339
-0.00576489
-0.00581514
-0.00586693
-0.00591871
-0.00597032
-0.00602356
-0.00607562
-0.00612906
-0.00618251
-0.00623517
-0.0062888
-0.00634067
-0.00639098
-0.00643932
-0.00648263
-0.00652021
-5.59876e-05
-3.27194e-05
-1.57916e-05
-2.37443e-05
-5.20784e-05
-7.89538e-05
-8.79079e-05
-8.30099e-05
-8.29232e-05
-0.000102028
-0.000135464
-0.000165275
-0.000180049
-0.000185191
-0.00019699
-0.000224177
-0.000257043
-0.000280385
-0.000290815
-0.000299102
-0.000318347
-0.000346696
-0.000369216
-0.000381166
-0.000393853
-0.000416829
-0.000446743
-0.000471316
-0.000484371
-0.000496905
-0.000519481
-0.000543285
-0.000559235
-0.000576114
-0.000601139
-0.000626344
-0.000645006
-0.000661049
-0.000679451
-0.000700509
-0.000722562
-0.000744626
-0.00076662
-0.000787474
-0.000805789
-0.000824149
-0.000846969
-0.000872414
-0.000894258
-0.000912282
-0.00093232
-0.000956264
-0.000980068
-0.00100135
-0.0010223
-0.00104494
-0.00106842
-0.00109142
-0.00111412
-0.00113722
-0.00116075
-0.00118438
-0.00120804
-0.00123189
-0.00125598
-0.00128027
-0.00130474
-0.00132938
-0.00135417
-0.00137907
-0.00140402
-0.00142893
-0.00145371
-0.00147828
-0.00150254
-0.00152638
-0.00154977
-0.00157265
-0.00159504
-0.00161696
-0.00163848
-0.00165966
-0.0016806
-0.00170138
-0.00172207
-0.00174276
-0.00176349
-0.00178432
-0.00180527
-0.00182638
-0.00184767
-0.00186914
-0.00189081
-0.00191267
-0.00193475
-0.00195703
-0.00197952
-0.00200221
-0.00202511
-0.00204821
-0.00207151
-0.00209502
-0.00211873
-0.00214264
-0.00216674
-0.00219105
-0.00221555
-0.00224025
-0.00226514
-0.00229024
-0.00231553
-0.00234102
-0.0023667
-0.00239259
-0.00241867
-0.00244495
-0.00247143
-0.00249812
-0.002525
-0.00255209
-0.00257937
-0.00260687
-0.00263457
-0.00266247
-0.00269059
-0.00271891
-0.00274745
-0.00277619
-0.00280515
-0.00283433
-0.00286372
-0.00289332
-0.00292315
-0.0029532
-0.00298347
-0.00301396
-0.00304468
-0.00307562
-0.00310679
-0.0031382
-0.00316983
-0.0032017
-0.00323381
-0.00326615
-0.00329873
-0.00333155
-0.00336461
-0.00339791
-0.00343146
-0.00346526
-0.00349931
-0.00353361
-0.00356816
-0.00360297
-0.00363803
-0.00367336
-0.00370894
-0.00374479
-0.0037809
-0.00381727
-0.00385392
-0.00389083
-0.00392802
-0.00396548
-0.00400322
-0.00404123
-0.00407953
-0.00411811
-0.00415697
-0.00419612
-0.00423556
-0.00427529
-0.00431531
-0.00435563
-0.00439625
-0.00443716
-0.00447838
-0.0045199
-0.00456173
-0.00460386
-0.00464631
-0.00468907
-0.00473214
-0.00477554
-0.00481924
-0.00486329
-0.00490763
-0.00495235
-0.00499732
-0.00504273
-0.00508833
-0.00513447
-0.00518067
-0.00522758
-0.00527437
-0.00532205
-0.00536948
-0.00541787
-0.0054661
-0.00551499
-0.00556427
-0.00561343
-0.00566394
-0.00571339
-0.00576489
-0.00581514
-0.00586693
-0.00591872
-0.00597033
-0.00602358
-0.00607564
-0.00612908
-0.00618254
-0.0062352
-0.00628883
-0.00634072
-0.00639103
-0.00643938
-0.0064827
-0.00652029
-8.34051e-05
-7.40051e-05
-6.0316e-05
-5.99337e-05
-7.79255e-05
-0.000103231
-0.000120385
-0.000124494
-0.000124682
-0.0001345
-0.000157829
-0.000185014
-0.000204276
-0.000213763
-0.000222675
-0.000241229
-0.000268167
-0.000292641
-0.000308021
-0.000318501
-0.000333474
-0.000356308
-0.000379593
-0.00039612
-0.000409491
-0.000427601
-0.000451835
-0.000475919
-0.000493534
-0.000507681
-0.000526609
-0.000549281
-0.000568201
-0.000584759
-0.000605555
-0.000629068
-0.00064967
-0.000667472
-0.000685906
-0.000706017
-0.000726859
-0.00074789
-0.000769408
-0.00079094
-0.000810796
-0.000829298
-0.000849795
-0.000873333
-0.000896197
-0.000915977
-0.0009355
-0.000957695
-0.000981102
-0.00100318
-0.00102432
-0.00104624
-0.00106908
-0.00109188
-0.0011144
-0.00113711
-0.00116024
-0.00118363
-0.00120714
-0.00123083
-0.00125473
-0.00127881
-0.00130301
-0.00132731
-0.00135168
-0.0013761
-0.00140051
-0.00142486
-0.0014491
-0.00147314
-0.00149694
-0.00152043
-0.00154357
-0.00156636
-0.00158878
-0.00161088
-0.00163268
-0.00165424
-0.0016756
-0.00169684
-0.001718
-0.00173913
-0.00176029
-0.0017815
-0.00180281
-0.00182423
-0.00184579
-0.0018675
-0.00188938
-0.00191143
-0.00193366
-0.00195608
-0.00197868
-0.00200148
-0.00202447
-0.00204765
-0.00207102
-0.00209459
-0.00211835
-0.0021423
-0.00216645
-0.00219079
-0.00221532
-0.00224005
-0.00226497
-0.00229009
-0.0023154
-0.0023409
-0.0023666
-0.0023925
-0.00241859
-0.00244488
-0.00247137
-0.00249806
-0.00252495
-0.00255205
-0.00257934
-0.00260684
-0.00263454
-0.00266245
-0.00269057
-0.0027189
-0.00274743
-0.00277618
-0.00280514
-0.00283432
-0.00286371
-0.00289332
-0.00292314
-0.00295319
-0.00298346
-0.00301395
-0.00304467
-0.00307562
-0.00310679
-0.0031382
-0.00316983
-0.0032017
-0.0032338
-0.00326615
-0.00329873
-0.00333155
-0.00336461
-0.00339791
-0.00343146
-0.00346526
-0.00349931
-0.00353361
-0.00356816
-0.00360297
-0.00363803
-0.00367336
-0.00370894
-0.00374479
-0.0037809
-0.00381727
-0.00385392
-0.00389083
-0.00392802
-0.00396548
-0.00400322
-0.00404123
-0.00407953
-0.00411811
-0.00415697
-0.00419612
-0.00423556
-0.00427529
-0.00431531
-0.00435563
-0.00439625
-0.00443716
-0.00447838
-0.0045199
-0.00456173
-0.00460386
-0.00464631
-0.00468907
-0.00473214
-0.00477554
-0.00481924
-0.00486329
-0.00490763
-0.00495235
-0.00499732
-0.00504273
-0.00508833
-0.00513447
-0.00518067
-0.00522758
-0.00527437
-0.00532205
-0.00536948
-0.00541787
-0.0054661
-0.00551499
-0.00556427
-0.00561343
-0.00566394
-0.00571339
-0.00576489
-0.00581515
-0.00586694
-0.00591873
-0.00597033
-0.00602359
-0.00607566
-0.0061291
-0.00618257
-0.00623523
-0.00628887
-0.00634077
-0.00639108
-0.00643943
-0.00648276
-0.00652036
-0.000103963
-0.00010595
-0.000100204
-9.86128e-05
-0.000108983
-0.000128273
-0.000146561
-0.000157036
-0.000161808
-0.000169106
-0.00018467
-0.000205925
-0.000225413
-0.000238866
-0.000249291
-0.000263402
-0.000283583
-0.000305358
-0.000323454
-0.000337281
-0.000351162
-0.000369575
-0.000390836
-0.000409436
-0.00042468
-0.000440903
-0.00046077
-0.000482515
-0.000502143
-0.000518604
-0.000535913
-0.00055633
-0.000576276
-0.000593872
-0.000612538
-0.000633728
-0.000654599
-0.000673761
-0.000692609
-0.000712026
-0.000731843
-0.000752101
-0.000773006
-0.000794179
-0.00081455
-0.000833814
-0.000853632
-0.000875471
-0.00089794
-0.000918831
-0.000938725
-0.000959788
-0.000982191
-0.00100436
-0.00102581
-0.00104747
-0.00106988
-0.0010926
-0.00111526
-0.00113797
-0.00116093
-0.00118411
-0.00120736
-0.00123069
-0.00125413
-0.00127768
-0.00130133
-0.00132505
-0.00134885
-0.0013727
-0.00139656
-0.0014204
-0.00144416
-0.00146781
-0.0014913
-0.00151459
-0.00153764
-0.00156045
-0.001583
-0.0016053
-0.00162738
-0.00164926
-0.00167099
-0.0016926
-0.00171414
-0.00173564
-0.00175714
-0.00177869
-0.00180029
-0.00182199
-0.00184381
-0.00186575
-0.00188783
-0.00191006
-0.00193245
-0.00195501
-0.00197774
-0.00200065
-0.00202374
-0.00204701
-0.00207046
-0.00209409
-0.00211791
-0.00214191
-0.00216611
-0.00219049
-0.00221506
-0.00223982
-0.00226477
-0.00228991
-0.00231524
-0.00234076
-0.00236648
-0.00239239
-0.0024185
-0.0024448
-0.0024713
-0.002498
-0.0025249
-0.002552
-0.0025793
-0.0026068
-0.00263451
-0.00266243
-0.00269055
-0.00271888
-0.00274742
-0.00277617
-0.00280513
-0.00283431
-0.0028637
-0.00289331
-0.00292314
-0.00295319
-0.00298346
-0.00301395
-0.00304467
-0.00307562
-0.00310679
-0.00313819
-0.00316983
-0.0032017
-0.0032338
-0.00326614
-0.00329872
-0.00333154
-0.00336461
-0.00339791
-0.00343146
-0.00346526
-0.00349931
-0.00353361
-0.00356816
-0.00360297
-0.00363803
-0.00367336
-0.00370894
-0.00374479
-0.0037809
-0.00381727
-0.00385392
-0.00389083
-0.00392802
-0.00396548
-0.00400322
-0.00404123
-0.00407953
-0.00411811
-0.00415697
-0.00419612
-0.00423556
-0.00427529
-0.00431531
-0.00435563
-0.00439625
-0.00443716
-0.00447838
-0.0045199
-0.00456173
-0.00460386
-0.00464631
-0.00468907
-0.00473214
-0.00477554
-0.00481924
-0.00486329
-0.00490763
-0.00495235
-0.00499732
-0.00504273
-0.00508833
-0.00513447
-0.00518067
-0.00522758
-0.00527437
-0.00532205
-0.00536949
-0.00541787
-0.0054661
-0.00551499
-0.00556427
-0.00561343
-0.00566395
-0.00571339
-0.0057649
-0.00581516
-0.00586694
-0.00591874
-0.00597034
-0.0060236
-0.00607568
-0.00612912
-0.0061826
-0.00623527
-0.00628891
-0.00634082
-0.00639113
-0.00643948
-0.00648282
-0.00652042
-0.000124224
-0.000132622
-0.000134782
-0.000135938
-0.000142175
-0.000155163
-0.000171068
-0.000184468
-0.000193514
-0.000201429
-0.000212905
-0.000229057
-0.000246573
-0.000261685
-0.000274014
-0.000286593
-0.000302442
-0.000321064
-0.000339184
-0.000354806
-0.000369344
-0.00038552
-0.000403837
-0.000422225
-0.000439086
-0.00045515
-0.0004724
-0.000491713
-0.00051135
-0.000529165
-0.000546264
-0.000565009
-0.000584533
-0.000602804
-0.000620745
-0.000640111
-0.000660285
-0.000679919
-0.000698922
-0.000717826
-0.000737116
-0.000757069
-0.000777498
-0.000797982
-0.000818199
-0.000838007
-0.000857837
-0.000878532
-0.000900052
-0.000921304
-0.000941894
-0.000962747
-0.000984498
-0.00100657
-0.00102832
-0.00104997
-0.00107195
-0.00109421
-0.0011165
-0.00113879
-0.00116123
-0.00118387
-0.00120665
-0.00122956
-0.00125261
-0.0012758
-0.00129912
-0.00132253
-0.001346
-0.00136952
-0.00139304
-0.00141654
-0.00143999
-0.00146335
-0.00148658
-0.00150967
-0.00153259
-0.00155533
-0.0015779
-0.00160029
-0.00162252
-0.00164461
-0.00166659
-0.00168848
-0.00171032
-0.00173213
-0.00175394
-0.00177578
-0.00179768
-0.00181964
-0.0018417
-0.00186386
-0.00188615
-0.00190857
-0.00193113
-0.00195384
-0.0019767
-0.00199973
-0.00202292
-0.00204628
-0.00206982
-0.00209353
-0.00211741
-0.00214147
-0.00216572
-0.00219015
-0.00221476
-0.00223955
-0.00226453
-0.0022897
-0.00231506
-0.0023406
-0.00236634
-0.00239227
-0.00241839
-0.00244471
-0.00247122
-0.00249793
-0.00252484
-0.00255194
-0.00257925
-0.00260676
-0.00263448
-0.0026624
-0.00269052
-0.00271885
-0.0027474
-0.00277615
-0.00280511
-0.00283429
-0.00286369
-0.0028933
-0.00292313
-0.00295318
-0.00298345
-0.00301395
-0.00304467
-0.00307561
-0.00310679
-0.00313819
-0.00316983
-0.0032017
-0.0032338
-0.00326614
-0.00329872
-0.00333154
-0.00336461
-0.00339791
-0.00343146
-0.00346526
-0.00349931
-0.00353361
-0.00356816
-0.00360297
-0.00363803
-0.00367336
-0.00370894
-0.00374479
-0.0037809
-0.00381727
-0.00385392
-0.00389083
-0.00392802
-0.00396548
-0.00400322
-0.00404123
-0.00407953
-0.00411811
-0.00415697
-0.00419612
-0.00423556
-0.00427529
-0.00431531
-0.00435563
-0.00439625
-0.00443716
-0.00447838
-0.0045199
-0.00456173
-0.00460386
-0.00464631
-0.00468907
-0.00473214
-0.00477554
-0.00481924
-0.00486329
-0.00490763
-0.00495235
-0.00499732
-0.00504273
-0.00508833
-0.00513447
-0.00518067
-0.00522758
-0.00527437
-0.00532205
-0.00536949
-0.00541787
-0.0054661
-0.00551499
-0.00556428
-0.00561344
-0.00566395
-0.0057134
-0.0057649
-0.00581516
-0.00586695
-0.00591875
-0.00597036
-0.00602362
-0.0060757
-0.00612914
-0.00618263
-0.00623531
-0.00628895
-0.00634087
-0.00639118
-0.00643953
-0.00648287
-0.00652048
-0.000146391
-0.000156265
-0.000163
-0.000167705
-0.00017382
-0.000183822
-0.000196858
-0.00020989
-0.000220822
-0.0002303
-0.000240767
-0.000253825
-0.00026869
-0.000283239
-0.000296304
-0.000308956
-0.000323239
-0.000339602
-0.000356417
-0.000372044
-0.000386547
-0.000401609
-0.000418591
-0.000436485
-0.000453222
-0.000468867
-0.000485341
-0.0005034
-0.000521882
-0.000539589
-0.000556818
-0.000574639
-0.000593078
-0.000611231
-0.000629126
-0.000647748
-0.000667202
-0.000686526
-0.000705241
-0.000723873
-0.000743042
-0.000762716
-0.000782504
-0.000802338
-0.000822417
-0.000842627
-0.000862747
-0.000883055
-0.000903914
-0.000924999
-0.000945781
-0.000966418
-0.000987418
-0.00100879
-0.00103018
-0.00105152
-0.00107303
-0.00109485
-0.00111686
-0.00113898
-0.00116125
-0.0011837
-0.00120629
-0.001229
-0.00125181
-0.00127471
-0.00129768
-0.00132072
-0.00134381
-0.00136692
-0.00139005
-0.00141317
-0.00143626
-0.00145931
-0.00148228
-0.00150517
-0.00152797
-0.00155065
-0.00157322
-0.00159568
-0.00161803
-0.00164029
-0.00166248
-0.0016846
-0.00170669
-0.00172876
-0.00175084
-0.00177293
-0.00179507
-0.00181728
-0.00183956
-0.00186193
-0.00188441
-0.00190701
-0.00192973
-0.00195259
-0.00197559
-0.00199874
-0.00202204
-0.0020455
-0.00206912
-0.00209291
-0.00211686
-0.00214099
-0.00216529
-0.00218977
-0.00221442
-0.00223926
-0.00226427
-0.00228947
-0.00231486
-0.00234043
-0.00236619
-0.00239213
-0.00241827
-0.0024446
-0.00247113
-0.00249785
-0.00252477
-0.00255189
-0.0025792
-0.00260672
-0.00263444
-0.00266236
-0.00269049
-0.00271883
-0.00274737
-0.00277613
-0.0028051
-0.00283428
-0.00286368
-0.00289329
-0.00292312
-0.00295317
-0.00298345
-0.00301394
-0.00304466
-0.00307561
-0.00310678
-0.00313819
-0.00316983
-0.0032017
-0.0032338
-0.00326614
-0.00329872
-0.00333154
-0.00336461
-0.00339791
-0.00343146
-0.00346526
-0.00349931
-0.00353361
-0.00356816
-0.00360297
-0.00363803
-0.00367336
-0.00370894
-0.00374479
-0.0037809
-0.00381727
-0.00385392
-0.00389083
-0.00392802
-0.00396548
-0.00400322
-0.00404123
-0.00407953
-0.00411811
-0.00415697
-0.00419612
-0.00423556
-0.00427529
-0.00431531
-0.00435563
-0.00439625
-0.00443716
-0.00447838
-0.0045199
-0.00456173
-0.00460386
-0.00464631
-0.00468907
-0.00473214
-0.00477554
-0.00481924
-0.00486329
-0.00490763
-0.00495235
-0.00499732
-0.00504273
-0.00508833
-0.00513447
-0.00518067
-0.00522758
-0.00527437
-0.00532206
-0.00536949
-0.00541787
-0.0054661
-0.00551499
-0.00556428
-0.00561344
-0.00566395
-0.0057134
-0.0057649
-0.00581517
-0.00586695
-0.00591876
-0.00597037
-0.00602363
-0.00607572
-0.00612916
-0.00618266
-0.00623535
-0.00628899
-0.00634092
-0.00639123
-0.00643958
-0.00648292
-0.00652053
-0.000170806
-0.000180306
-0.000188859
-0.000196083
-0.000203203
-0.000211797
-0.00022239
-0.000234127
-0.000245647
-0.000256323
-0.000266774
-0.000278122
-0.000290805
-0.000304277
-0.000317754
-0.000331022
-0.000344485
-0.000358624
-0.000373494
-0.000388756
-0.000404096
-0.000419461
-0.000434875
-0.000450362
-0.000466165
-0.000482494
-0.000499124
-0.000515856
-0.000532918
-0.000550318
-0.000567645
-0.000584878
-0.000602371
-0.000620127
-0.000638033
-0.00065628
-0.000674844
-0.000693369
-0.000711882
-0.000730775
-0.000750068
-0.000769409
-0.000788711
-0.000808231
-0.000828067
-0.000847964
-0.000867704
-0.000887475
-0.000907605
-0.000928068
-0.000948573
-0.00096906
-0.000989771
-0.00101083
-0.00103209
-0.00105342
-0.00107486
-0.0010965
-0.00111829
-0.00114018
-0.00116217
-0.00118427
-0.00120648
-0.0012288
-0.00125121
-0.00127371
-0.0012963
-0.00131897
-0.0013417
-0.00136449
-0.00138731
-0.00141014
-0.00143297
-0.00145579
-0.00147858
-0.00150132
-0.001524
-0.00154662
-0.00156917
-0.00159166
-0.00161408
-0.00163645
-0.00165878
-0.00168107
-0.00170334
-0.00172561
-0.00174789
-0.0017702
-0.00179255
-0.00181495
-0.00183743
-0.00186
-0.00188265
-0.00190542
-0.00192829
-0.00195129
-0.00197442
-0.00199769
-0.0020211
-0.00204466
-0.00206837
-0.00209224
-0.00211627
-0.00214046
-0.00216482
-0.00218935
-0.00221405
-0.00223893
-0.00226398
-0.00228922
-0.00231463
-0.00234023
-0.00236601
-0.00239198
-0.00241814
-0.00244449
-0.00247103
-0.00249776
-0.00252469
-0.00255182
-0.00257914
-0.00260667
-0.00263439
-0.00266232
-0.00269046
-0.0027188
-0.00274735
-0.00277611
-0.00280508
-0.00283426
-0.00286366
-0.00289328
-0.00292311
-0.00295316
-0.00298344
-0.00301394
-0.00304466
-0.00307561
-0.00310678
-0.00313819
-0.00316982
-0.00320169
-0.0032338
-0.00326614
-0.00329872
-0.00333154
-0.00336461
-0.00339791
-0.00343146
-0.00346526
-0.00349931
-0.00353361
-0.00356816
-0.00360297
-0.00363803
-0.00367336
-0.00370894
-0.00374479
-0.0037809
-0.00381727
-0.00385392
-0.00389083
-0.00392802
-0.00396548
-0.00400322
-0.00404123
-0.00407953
-0.00411811
-0.00415697
-0.00419612
-0.00423556
-0.00427529
-0.00431531
-0.00435563
-0.00439625
-0.00443716
-0.00447838
-0.0045199
-0.00456173
-0.00460386
-0.00464631
-0.00468907
-0.00473214
-0.00477554
-0.00481924
-0.00486329
-0.00490763
-0.00495235
-0.00499732
-0.00504273
-0.00508833
-0.00513447
-0.00518067
-0.00522758
-0.00527437
-0.00532206
-0.00536949
-0.00541787
-0.00546611
-0.00551499
-0.00556428
-0.00561344
-0.00566396
-0.00571341
-0.00576491
-0.00581518
-0.00586696
-0.00591878
-0.00597038
-0.00602365
-0.00607574
-0.00612919
-0.00618269
-0.00623538
-0.00628904
-0.00634097
-0.00639128
-0.00643963
-0.00648296
-0.00652058
-0.000195697
-0.000203927
-0.000212411
-0.000220677
-0.000228888
-0.00023767
-0.000247477
-0.000258113
-0.00026894
-0.000279526
-0.00029007
-0.000301172
-0.000313195
-0.000325891
-0.000338689
-0.000351288
-0.000364012
-0.000377464
-0.000391789
-0.000406474
-0.000420934
-0.000435145
-0.000449703
-0.00046511
-0.000481023
-0.000496713
-0.000512185
-0.000528129
-0.000544789
-0.000561642
-0.00057825
-0.000594877
-0.000612046
-0.000629821
-0.000647781
-0.000665584
-0.000683348
-0.000701446
-0.000720001
-0.000738708
-0.000757247
-0.000775725
-0.000794483
-0.000813615
-0.000832951
-0.000852371
-0.00087191
-0.000891649
-0.000911643
-0.000931878
-0.000952261
-0.000972718
-0.000993287
-0.00101404
-0.00103495
-0.00105596
-0.00107707
-0.00109832
-0.00111971
-0.00114124
-0.0011629
-0.00118468
-0.00120658
-0.00122861
-0.00125075
-0.00127298
-0.00129529
-0.00131769
-0.00134015
-0.00136266
-0.00138521
-0.00140779
-0.00143039
-0.00145299
-0.00147559
-0.00149818
-0.00152075
-0.00154329
-0.0015658
-0.00158829
-0.00161075
-0.00163318
-0.0016556
-0.00167801
-0.00170042
-0.00172284
-0.00174529
-0.00176776
-0.00179029
-0.00181286
-0.00183551
-0.00185823
-0.00188104
-0.00190395
-0.00192696
-0.00195009
-0.00197334
-0.00199672
-0.00202023
-0.00204388
-0.00206767
-0.00209162
-0.00211572
-0.00213997
-0.00216439
-0.00218897
-0.00221371
-0.00223863
-0.00226372
-0.00228898
-0.00231443
-0.00234005
-0.00236586
-0.00239184
-0.00241802
-0.00244438
-0.00247094
-0.00249768
-0.00252462
-0.00255176
-0.00257909
-0.00260662
-0.00263436
-0.00266229
-0.00269043
-0.00271878
-0.00274733
-0.00277609
-0.00280507
-0.00283425
-0.00286365
-0.00289327
-0.00292311
-0.00295316
-0.00298343
-0.00301393
-0.00304465
-0.0030756
-0.00310678
-0.00313819
-0.00316982
-0.00320169
-0.0032338
-0.00326614
-0.00329872
-0.00333154
-0.00336461
-0.00339791
-0.00343146
-0.00346526
-0.00349931
-0.00353361
-0.00356816
-0.00360297
-0.00363803
-0.00367336
-0.00370894
-0.00374479
-0.0037809
-0.00381727
-0.00385392
-0.00389083
-0.00392802
-0.00396548
-0.00400322
-0.00404123
-0.00407953
-0.00411811
-0.00415697
-0.00419612
-0.00423556
-0.00427529
-0.00431531
-0.00435563
-0.00439625
-0.00443716
-0.00447838
-0.0045199
-0.00456173
-0.00460386
-0.00464631
-0.00468907
-0.00473214
-0.00477554
-0.00481925
-0.00486329
-0.00490763
-0.00495235
-0.00499732
-0.00504273
-0.00508833
-0.00513447
-0.00518067
-0.00522758
-0.00527437
-0.00532206
-0.00536949
-0.00541787
-0.00546611
-0.00551499
-0.00556428
-0.00561344
-0.00566396
-0.00571341
-0.00576492
-0.00581519
-0.00586697
-0.00591879
-0.0059704
-0.00602367
-0.00607577
-0.00612922
-0.00618272
-0.00623542
-0.00628907
-0.00634101
-0.00639132
-0.00643967
-0.006483
-0.00652062
-0.000218815
-0.000226724
-0.000235211
-0.000243879
-0.000252534
-0.000261321
-0.000270534
-0.000280338
-0.000290658
-0.000301284
-0.000312065
-0.000323024
-0.000334298
-0.000345989
-0.000358091
-0.000370547
-0.000383304
-0.000396325
-0.000409572
-0.000423039
-0.000436773
-0.000450844
-0.00046526
-0.000479937
-0.000494826
-0.000510035
-0.000525619
-0.000541396
-0.0005572
-0.000573158
-0.000589511
-0.000606282
-0.000623273
-0.000640248
-0.000657137
-0.000674157
-0.00069161
-0.000709488
-0.000727477
-0.000745417
-0.000763506
-0.000781965
-0.000800737
-0.000819644
-0.000838649
-0.000857832
-0.00087721
-0.000896721
-0.000916344
-0.000936126
-0.000956084
-0.00097618
-0.000996401
-0.00101678
-0.00103733
-0.00105804
-0.00107889
-0.00109988
-0.00112102
-0.0011423
-0.0011637
-0.00118522
-0.00120685
-0.0012286
-0.00125044
-0.00127238
-0.00129441
-0.00131651
-0.00133869
-0.00136093
-0.00138323
-0.00140558
-0.00142796
-0.00145038
-0.00147281
-0.00149526
-0.00151773
-0.00154019
-0.00156266
-0.00158513
-0.00160761
-0.00163008
-0.00165257
-0.00167506
-0.00169758
-0.00172012
-0.00174269
-0.00176531
-0.00178797
-0.00181069
-0.00183349
-0.00185635
-0.00187931
-0.00190235
-0.00192549
-0.00194875
-0.00197211
-0.0019956
-0.00201921
-0.00204296
-0.00206684
-0.00209087
-0.00211504
-0.00213937
-0.00216384
-0.00218848
-0.00221328
-0.00223824
-0.00226338
-0.00228868
-0.00231416
-0.00233981
-0.00236564
-0.00239166
-0.00241786
-0.00244424
-0.00247081
-0.00249757
-0.00252453
-0.00255167
-0.00257902
-0.00260656
-0.0026343
-0.00266224
-0.00269039
-0.00271874
-0.0027473
-0.00277607
-0.00280504
-0.00283423
-0.00286364
-0.00289326
-0.00292309
-0.00295315
-0.00298343
-0.00301392
-0.00304465
-0.0030756
-0.00310678
-0.00313818
-0.00316982
-0.00320169
-0.0032338
-0.00326614
-0.00329872
-0.00333154
-0.0033646
-0.00339791
-0.00343146
-0.00346526
-0.00349931
-0.00353361
-0.00356816
-0.00360297
-0.00363803
-0.00367336
-0.00370894
-0.00374479
-0.0037809
-0.00381727
-0.00385392
-0.00389083
-0.00392802
-0.00396548
-0.00400322
-0.00404123
-0.00407953
-0.00411811
-0.00415697
-0.00419612
-0.00423556
-0.00427529
-0.00431531
-0.00435563
-0.00439625
-0.00443716
-0.00447838
-0.0045199
-0.00456173
-0.00460386
-0.00464631
-0.00468907
-0.00473214
-0.00477554
-0.00481925
-0.00486329
-0.00490763
-0.00495235
-0.00499732
-0.00504273
-0.00508833
-0.00513447
-0.00518067
-0.00522758
-0.00527437
-0.00532206
-0.00536949
-0.00541788
-0.00546611
-0.005515
-0.00556429
-0.00561345
-0.00566396
-0.00571342
-0.00576492
-0.00581519
-0.00586698
-0.0059188
-0.00597041
-0.00602369
-0.00607579
-0.00612924
-0.00618275
-0.00623546
-0.00628911
-0.00634105
-0.00639136
-0.00643971
-0.00648304
-0.00652066
-0.000240214
-0.000247974
-0.000256166
-0.000264671
-0.000273392
-0.000282338
-0.000291599
-0.000301249
-0.00031127
-0.000321569
-0.000332069
-0.000342789
-0.000353824
-0.000365243
-0.000377019
-0.000389054
-0.000401275
-0.000413715
-0.000426488
-0.000439663
-0.0004532
-0.000467001
-0.000481013
-0.000495274
-0.000509832
-0.00052462
-0.000539521
-0.000554565
-0.000569929
-0.000585694
-0.000601727
-0.000617843
-0.00063402
-0.000650406
-0.000667149
-0.000684242
-0.000701539
-0.00071892
-0.000736423
-0.000754174
-0.0007722
-0.000790402
-0.000808704
-0.00082714
-0.000845777
-0.000864621
-0.000883631
-0.000902788
-0.000922107
-0.000941608
-0.000961293
-0.00098114
-0.00100114
-0.00102128
-0.00104158
-0.00106203
-0.00108262
-0.00110334
-0.00112419
-0.00114518
-0.00116629
-0.00118752
-0.00120886
-0.00123032
-0.00125188
-0.00127354
-0.0012953
-0.00131714
-0.00133907
-0.00136106
-0.00138313
-0.00140525
-0.00142742
-0.00144964
-0.0014719
-0.0014942
-0.00151653
-0.00153888
-0.00156126
-0.00158366
-0.00160609
-0.00162854
-0.00165102
-0.00167353
-0.00169607
-0.00171865
-0.00174128
-0.00176395
-0.00178669
-0.00180948
-0.00183235
-0.0018553
-0.00187833
-0.00190145
-0.00192467
-0.00194799
-0.00197143
-0.00199498
-0.00201866
-0.00204246
-0.00206639
-0.00209047
-0.00211469
-0.00213905
-0.00216357
-0.00218824
-0.00221307
-0.00223806
-0.00226321
-0.00228854
-0.00231404
-0.00233971
-0.00236555
-0.00239158
-0.00241779
-0.00244418
-0.00247076
-0.00249753
-0.00252449
-0.00255165
-0.002579
-0.00260654
-0.00263429
-0.00266223
-0.00269038
-0.00271873
-0.00274729
-0.00277606
-0.00280504
-0.00283423
-0.00286364
-0.00289326
-0.00292309
-0.00295315
-0.00298343
-0.00301393
-0.00304465
-0.0030756
-0.00310678
-0.00313818
-0.00316982
-0.00320169
-0.0032338
-0.00326614
-0.00329872
-0.00333154
-0.00336461
-0.00339791
-0.00343146
-0.00346526
-0.00349931
-0.00353361
-0.00356816
-0.00360297
-0.00363804
-0.00367336
-0.00370894
-0.00374479
-0.0037809
-0.00381727
-0.00385392
-0.00389083
-0.00392802
-0.00396548
-0.00400322
-0.00404123
-0.00407953
-0.00411811
-0.00415697
-0.00419612
-0.00423556
-0.00427529
-0.00431531
-0.00435563
-0.00439625
-0.00443716
-0.00447838
-0.0045199
-0.00456173
-0.00460386
-0.00464631
-0.00468907
-0.00473214
-0.00477554
-0.00481925
-0.00486329
-0.00490763
-0.00495235
-0.00499732
-0.00504273
-0.00508833
-0.00513447
-0.00518067
-0.00522758
-0.00527437
-0.00532206
-0.00536949
-0.00541788
-0.00546611
-0.005515
-0.00556429
-0.00561345
-0.00566397
-0.00571342
-0.00576493
-0.0058152
-0.00586699
-0.00591881
-0.00597043
-0.00602371
-0.00607581
-0.00612927
-0.00618278
-0.00623549
-0.00628915
-0.00634108
-0.0063914
-0.00643974
-0.00648307
-0.0065207
-0.000256678
-0.000264389
-0.000272442
-0.000280826
-0.000289495
-0.00029841
-0.00030757
-0.000317005
-0.000326738
-0.000336772
-0.000347089
-0.000357671
-0.000368512
-0.00037962
-0.000391006
-0.000402676
-0.00041463
-0.000426872
-0.0004394
-0.000452203
-0.000465265
-0.000478576
-0.000492134
-0.000505938
-0.000519987
-0.000534285
-0.000548856
-0.000563714
-0.000578827
-0.000594143
-0.000609648
-0.000625376
-0.000641371
-0.000657631
-0.000674108
-0.000690745
-0.000707541
-0.000724551
-0.000741811
-0.000759288
-0.000776935
-0.000794748
-0.000812759
-0.000830984
-0.000849403
-0.000867997
-0.000886764
-0.00090571
-0.000924828
-0.000944113
-0.000963561
-0.000983171
-0.00100294
-0.00102286
-0.00104293
-0.00106315
-0.00108352
-0.00110403
-0.00112467
-0.00114546
-0.00116637
-0.0011874
-0.00120856
-0.00122983
-0.00125121
-0.0012727
-0.00129428
-0.00131596
-0.00133772
-0.00135956
-0.00138148
-0.00140347
-0.00142553
-0.00144764
-0.00146981
-0.00149203
-0.0015143
-0.00153662
-0.00155897
-0.00158137
-0.0016038
-0.00162628
-0.00164879
-0.00167135
-0.00169396
-0.00171661
-0.00173932
-0.00176208
-0.00178491
-0.0018078
-0.00183076
-0.00185381
-0.00187693
-0.00190015
-0.00192346
-0.00194688
-0.0019704
-0.00199404
-0.00201779
-0.00204167
-0.00206567
-0.00208981
-0.00211409
-0.00213851
-0.00216308
-0.0021878
-0.00221267
-0.0022377
-0.0022629
-0.00228826
-0.00231378
-0.00233948
-0.00236535
-0.0023914
-0.00241763
-0.00244404
-0.00247064
-0.00249742
-0.0025244
-0.00255156
-0.00257892
-0.00260648
-0.00263423
-0.00266218
-0.00269034
-0.0027187
-0.00274726
-0.00277603
-0.00280502
-0.00283421
-0.00286362
-0.00289324
-0.00292308
-0.00295314
-0.00298342
-0.00301392
-0.00304464
-0.00307559
-0.00310677
-0.00313818
-0.00316982
-0.00320169
-0.0032338
-0.00326614
-0.00329872
-0.00333154
-0.0033646
-0.00339791
-0.00343146
-0.00346526
-0.00349931
-0.00353361
-0.00356816
-0.00360297
-0.00363804
-0.00367336
-0.00370894
-0.00374479
-0.0037809
-0.00381727
-0.00385392
-0.00389083
-0.00392802
-0.00396548
-0.00400322
-0.00404123
-0.00407953
-0.00411811
-0.00415697
-0.00419612
-0.00423556
-0.00427529
-0.00431531
-0.00435563
-0.00439625
-0.00443716
-0.00447838
-0.0045199
-0.00456173
-0.00460386
-0.00464631
-0.00468907
-0.00473214
-0.00477554
-0.00481925
-0.00486329
-0.00490763
-0.00495235
-0.00499732
-0.00504273
-0.00508833
-0.00513447
-0.00518067
-0.00522758
-0.00527437
-0.00532206
-0.00536949
-0.00541788
-0.00546611
-0.005515
-0.00556429
-0.00561345
-0.00566397
-0.00571343
-0.00576493
-0.00581521
-0.005867
-0.00591882
-0.00597044
-0.00602372
-0.00607583
-0.00612929
-0.00618281
-0.00623551
-0.00628917
-0.00634111
-0.00639143
-0.00643977
-0.0064831
-0.00652072
-0.000275871
-0.000283804
-0.000292056
-0.000300592
-0.000309372
-0.000318367
-0.000327571
-0.000336999
-0.000346671
-0.000356599
-0.000366785
-0.000377226
-0.000387922
-0.000398882
-0.000410114
-0.000421619
-0.000433389
-0.000445413
-0.000457686
-0.000470211
-0.000482993
-0.000496036
-0.000509334
-0.000522884
-0.000536684
-0.000550735
-0.000565025
-0.000579538
-0.000594269
-0.000609231
-0.000624436
-0.00063988
-0.000655542
-0.000671406
-0.000687472
-0.000703758
-0.000720275
-0.000737013
-0.00075395
-0.000771074
-0.000788393
-0.000805917
-0.000823639
-0.000841545
-0.000859627
-0.000877888
-0.000896331
-0.000914951
-0.000933742
-0.000952701
-0.000971827
-0.00099112
-0.00101057
-0.00103018
-0.00104995
-0.00106986
-0.00108993
-0.00111013
-0.00113047
-0.00115095
-0.00117156
-0.00119229
-0.00121314
-0.00123412
-0.0012552
-0.00127639
-0.00129769
-0.00131908
-0.00134057
-0.00136214
-0.0013838
-0.00140555
-0.00142736
-0.00144925
-0.00147121
-0.00149323
-0.00151531
-0.00153745
-0.00155965
-0.00158191
-0.00160422
-0.00162658
-0.001649
-0.00167148
-0.00169402
-0.00171661
-0.00173927
-0.001762
-0.0017848
-0.00180767
-0.00183062
-0.00185366
-0.00187679
-0.00190001
-0.00192332
-0.00194675
-0.00197028
-0.00199392
-0.00201769
-0.00204158
-0.0020656
-0.00208975
-0.00211404
-0.00213847
-0.00216304
-0.00218777
-0.00221265
-0.00223769
-0.00226289
-0.00228825
-0.00231379
-0.00233949
-0.00236537
-0.00239142
-0.00241765
-0.00244406
-0.00247066
-0.00249745
-0.00252442
-0.00255158
-0.00257894
-0.0026065
-0.00263425
-0.0026622
-0.00269036
-0.00271872
-0.00274728
-0.00277605
-0.00280503
-0.00283423
-0.00286363
-0.00289325
-0.00292309
-0.00295315
-0.00298343
-0.00301393
-0.00304465
-0.0030756
-0.00310678
-0.00313819
-0.00316982
-0.0032017
-0.0032338
-0.00326614
-0.00329872
-0.00333155
-0.00336461
-0.00339791
-0.00343147
-0.00346527
-0.00349931
-0.00353361
-0.00356817
-0.00360297
-0.00363804
-0.00367336
-0.00370894
-0.00374479
-0.0037809
-0.00381727
-0.00385392
-0.00389083
-0.00392802
-0.00396548
-0.00400322
-0.00404123
-0.00407953
-0.00411811
-0.00415697
-0.00419612
-0.00423556
-0.00427529
-0.00431531
-0.00435563
-0.00439625
-0.00443716
-0.00447838
-0.0045199
-0.00456173
-0.00460386
-0.00464631
-0.00468907
-0.00473214
-0.00477554
-0.00481925
-0.00486329
-0.00490763
-0.00495235
-0.00499732
-0.00504274
-0.00508833
-0.00513447
-0.00518067
-0.00522758
-0.00527437
-0.00532206
-0.00536949
-0.00541788
-0.00546611
-0.005515
-0.00556429
-0.00561346
-0.00566398
-0.00571343
-0.00576494
-0.00581522
-0.00586701
-0.00591883
-0.00597046
-0.00602374
-0.00607585
-0.00612931
-0.00618283
-0.00623554
-0.00628921
-0.00634114
-0.00639146
-0.0064398
-0.00648312
-0.00652075
)
;

boundaryField
{
    zeroGradient_plane
    {
        type            zeroGradient;
    }
    inlet
    {
        type            zeroGradient;
    }
    plate
    {
        type            zeroGradient;
    }
    frontAndBack
    {
        type            empty;
    }
}


// ************************************************************************* //
