/*--------------------------------*- C++ -*----------------------------------*\
| =========                 |                                                 |
| \\      /  F ield         | OpenFOAM: The Open Source CFD Toolbox           |
|  \\    /   O peration     | Version:  v1906                                 |
|   \\  /    A nd           | Web:      www.OpenFOAM.com                      |
|    \\/     M anipulation  |                                                 |
\*---------------------------------------------------------------------------*/
FoamFile
{
    version     2.0;
    format      ascii;
    class       labelList;
    note        "nPoints:10122  nCells:4800  nFaces:19460  nInternalFaces:9340";
    location    "constant/polyMesh";
    object      neighbour;
}
// * * * * * * * * * * * * * * * * * * * * * * * * * * * * * * * * * * * * * //


9340
(
1
20
2
21
3
22
4
23
5
24
6
25
7
26
8
27
9
28
10
29
11
30
12
31
13
32
14
33
15
34
16
35
17
36
18
37
19
38
39
400
21
40
22
41
23
42
24
43
25
44
26
45
27
46
28
47
29
48
30
49
31
50
32
51
33
52
34
53
35
54
36
55
37
56
38
57
39
58
59
620
41
60
42
61
43
62
44
63
45
64
46
65
47
66
48
67
49
68
50
69
51
70
52
71
53
72
54
73
55
74
56
75
57
76
58
77
59
78
79
840
61
80
62
81
63
82
64
83
65
84
66
85
67
86
68
87
69
88
70
89
71
90
72
91
73
92
74
93
75
94
76
95
77
96
78
97
79
98
99
1060
81
100
82
101
83
102
84
103
85
104
86
105
87
106
88
107
89
108
90
109
91
110
92
111
93
112
94
113
95
114
96
115
97
116
98
117
99
118
119
1280
101
120
102
121
103
122
104
123
105
124
106
125
107
126
108
127
109
128
110
129
111
130
112
131
113
132
114
133
115
134
116
135
117
136
118
137
119
138
139
1500
121
140
122
141
123
142
124
143
125
144
126
145
127
146
128
147
129
148
130
149
131
150
132
151
133
152
134
153
135
154
136
155
137
156
138
157
139
158
159
1720
141
160
142
161
143
162
144
163
145
164
146
165
147
166
148
167
149
168
150
169
151
170
152
171
153
172
154
173
155
174
156
175
157
176
158
177
159
178
179
1940
161
180
162
181
163
182
164
183
165
184
166
185
167
186
168
187
169
188
170
189
171
190
172
191
173
192
174
193
175
194
176
195
177
196
178
197
179
198
199
2160
181
200
182
201
183
202
184
203
185
204
186
205
187
206
188
207
189
208
190
209
191
210
192
211
193
212
194
213
195
214
196
215
197
216
198
217
199
218
219
2380
201
220
202
221
203
222
204
223
205
224
206
225
207
226
208
227
209
228
210
229
211
230
212
231
213
232
214
233
215
234
216
235
217
236
218
237
219
238
239
2600
221
240
222
241
223
242
224
243
225
244
226
245
227
246
228
247
229
248
230
249
231
250
232
251
233
252
234
253
235
254
236
255
237
256
238
257
239
258
259
2820
241
260
242
261
243
262
244
263
245
264
246
265
247
266
248
267
249
268
250
269
251
270
252
271
253
272
254
273
255
274
256
275
257
276
258
277
259
278
279
3040
261
280
262
281
263
282
264
283
265
284
266
285
267
286
268
287
269
288
270
289
271
290
272
291
273
292
274
293
275
294
276
295
277
296
278
297
279
298
299
3260
281
300
282
301
283
302
284
303
285
304
286
305
287
306
288
307
289
308
290
309
291
310
292
311
293
312
294
313
295
314
296
315
297
316
298
317
299
318
319
3480
301
320
302
321
303
322
304
323
305
324
306
325
307
326
308
327
309
328
310
329
311
330
312
331
313
332
314
333
315
334
316
335
317
336
318
337
319
338
339
3700
321
340
322
341
323
342
324
343
325
344
326
345
327
346
328
347
329
348
330
349
331
350
332
351
333
352
334
353
335
354
336
355
337
356
338
357
339
358
359
3920
341
360
342
361
343
362
344
363
345
364
346
365
347
366
348
367
349
368
350
369
351
370
352
371
353
372
354
373
355
374
356
375
357
376
358
377
359
378
379
4140
361
380
362
381
363
382
364
383
365
384
366
385
367
386
368
387
369
388
370
389
371
390
372
391
373
392
374
393
375
394
376
395
377
396
378
397
379
398
399
4360
381
382
383
384
385
386
387
388
389
390
391
392
393
394
395
396
397
398
399
4580
401
620
402
621
403
622
404
623
405
624
406
625
407
626
408
627
409
628
410
629
411
630
412
631
413
632
414
633
415
634
416
635
417
636
418
637
419
638
420
639
421
640
422
641
423
642
424
643
425
644
426
645
427
646
428
647
429
648
430
649
431
650
432
651
433
652
434
653
435
654
436
655
437
656
438
657
439
658
440
659
441
660
442
661
443
662
444
663
445
664
446
665
447
666
448
667
449
668
450
669
451
670
452
671
453
672
454
673
455
674
456
675
457
676
458
677
459
678
460
679
461
680
462
681
463
682
464
683
465
684
466
685
467
686
468
687
469
688
470
689
471
690
472
691
473
692
474
693
475
694
476
695
477
696
478
697
479
698
480
699
481
700
482
701
483
702
484
703
485
704
486
705
487
706
488
707
489
708
490
709
491
710
492
711
493
712
494
713
495
714
496
715
497
716
498
717
499
718
500
719
501
720
502
721
503
722
504
723
505
724
506
725
507
726
508
727
509
728
510
729
511
730
512
731
513
732
514
733
515
734
516
735
517
736
518
737
519
738
520
739
521
740
522
741
523
742
524
743
525
744
526
745
527
746
528
747
529
748
530
749
531
750
532
751
533
752
534
753
535
754
536
755
537
756
538
757
539
758
540
759
541
760
542
761
543
762
544
763
545
764
546
765
547
766
548
767
549
768
550
769
551
770
552
771
553
772
554
773
555
774
556
775
557
776
558
777
559
778
560
779
561
780
562
781
563
782
564
783
565
784
566
785
567
786
568
787
569
788
570
789
571
790
572
791
573
792
574
793
575
794
576
795
577
796
578
797
579
798
580
799
581
800
582
801
583
802
584
803
585
804
586
805
587
806
588
807
589
808
590
809
591
810
592
811
593
812
594
813
595
814
596
815
597
816
598
817
599
818
600
819
601
820
602
821
603
822
604
823
605
824
606
825
607
826
608
827
609
828
610
829
611
830
612
831
613
832
614
833
615
834
616
835
617
836
618
837
619
838
839
621
840
622
841
623
842
624
843
625
844
626
845
627
846
628
847
629
848
630
849
631
850
632
851
633
852
634
853
635
854
636
855
637
856
638
857
639
858
640
859
641
860
642
861
643
862
644
863
645
864
646
865
647
866
648
867
649
868
650
869
651
870
652
871
653
872
654
873
655
874
656
875
657
876
658
877
659
878
660
879
661
880
662
881
663
882
664
883
665
884
666
885
667
886
668
887
669
888
670
889
671
890
672
891
673
892
674
893
675
894
676
895
677
896
678
897
679
898
680
899
681
900
682
901
683
902
684
903
685
904
686
905
687
906
688
907
689
908
690
909
691
910
692
911
693
912
694
913
695
914
696
915
697
916
698
917
699
918
700
919
701
920
702
921
703
922
704
923
705
924
706
925
707
926
708
927
709
928
710
929
711
930
712
931
713
932
714
933
715
934
716
935
717
936
718
937
719
938
720
939
721
940
722
941
723
942
724
943
725
944
726
945
727
946
728
947
729
948
730
949
731
950
732
951
733
952
734
953
735
954
736
955
737
956
738
957
739
958
740
959
741
960
742
961
743
962
744
963
745
964
746
965
747
966
748
967
749
968
750
969
751
970
752
971
753
972
754
973
755
974
756
975
757
976
758
977
759
978
760
979
761
980
762
981
763
982
764
983
765
984
766
985
767
986
768
987
769
988
770
989
771
990
772
991
773
992
774
993
775
994
776
995
777
996
778
997
779
998
780
999
781
1000
782
1001
783
1002
784
1003
785
1004
786
1005
787
1006
788
1007
789
1008
790
1009
791
1010
792
1011
793
1012
794
1013
795
1014
796
1015
797
1016
798
1017
799
1018
800
1019
801
1020
802
1021
803
1022
804
1023
805
1024
806
1025
807
1026
808
1027
809
1028
810
1029
811
1030
812
1031
813
1032
814
1033
815
1034
816
1035
817
1036
818
1037
819
1038
820
1039
821
1040
822
1041
823
1042
824
1043
825
1044
826
1045
827
1046
828
1047
829
1048
830
1049
831
1050
832
1051
833
1052
834
1053
835
1054
836
1055
837
1056
838
1057
839
1058
1059
841
1060
842
1061
843
1062
844
1063
845
1064
846
1065
847
1066
848
1067
849
1068
850
1069
851
1070
852
1071
853
1072
854
1073
855
1074
856
1075
857
1076
858
1077
859
1078
860
1079
861
1080
862
1081
863
1082
864
1083
865
1084
866
1085
867
1086
868
1087
869
1088
870
1089
871
1090
872
1091
873
1092
874
1093
875
1094
876
1095
877
1096
878
1097
879
1098
880
1099
881
1100
882
1101
883
1102
884
1103
885
1104
886
1105
887
1106
888
1107
889
1108
890
1109
891
1110
892
1111
893
1112
894
1113
895
1114
896
1115
897
1116
898
1117
899
1118
900
1119
901
1120
902
1121
903
1122
904
1123
905
1124
906
1125
907
1126
908
1127
909
1128
910
1129
911
1130
912
1131
913
1132
914
1133
915
1134
916
1135
917
1136
918
1137
919
1138
920
1139
921
1140
922
1141
923
1142
924
1143
925
1144
926
1145
927
1146
928
1147
929
1148
930
1149
931
1150
932
1151
933
1152
934
1153
935
1154
936
1155
937
1156
938
1157
939
1158
940
1159
941
1160
942
1161
943
1162
944
1163
945
1164
946
1165
947
1166
948
1167
949
1168
950
1169
951
1170
952
1171
953
1172
954
1173
955
1174
956
1175
957
1176
958
1177
959
1178
960
1179
961
1180
962
1181
963
1182
964
1183
965
1184
966
1185
967
1186
968
1187
969
1188
970
1189
971
1190
972
1191
973
1192
974
1193
975
1194
976
1195
977
1196
978
1197
979
1198
980
1199
981
1200
982
1201
983
1202
984
1203
985
1204
986
1205
987
1206
988
1207
989
1208
990
1209
991
1210
992
1211
993
1212
994
1213
995
1214
996
1215
997
1216
998
1217
999
1218
1000
1219
1001
1220
1002
1221
1003
1222
1004
1223
1005
1224
1006
1225
1007
1226
1008
1227
1009
1228
1010
1229
1011
1230
1012
1231
1013
1232
1014
1233
1015
1234
1016
1235
1017
1236
1018
1237
1019
1238
1020
1239
1021
1240
1022
1241
1023
1242
1024
1243
1025
1244
1026
1245
1027
1246
1028
1247
1029
1248
1030
1249
1031
1250
1032
1251
1033
1252
1034
1253
1035
1254
1036
1255
1037
1256
1038
1257
1039
1258
1040
1259
1041
1260
1042
1261
1043
1262
1044
1263
1045
1264
1046
1265
1047
1266
1048
1267
1049
1268
1050
1269
1051
1270
1052
1271
1053
1272
1054
1273
1055
1274
1056
1275
1057
1276
1058
1277
1059
1278
1279
1061
1280
1062
1281
1063
1282
1064
1283
1065
1284
1066
1285
1067
1286
1068
1287
1069
1288
1070
1289
1071
1290
1072
1291
1073
1292
1074
1293
1075
1294
1076
1295
1077
1296
1078
1297
1079
1298
1080
1299
1081
1300
1082
1301
1083
1302
1084
1303
1085
1304
1086
1305
1087
1306
1088
1307
1089
1308
1090
1309
1091
1310
1092
1311
1093
1312
1094
1313
1095
1314
1096
1315
1097
1316
1098
1317
1099
1318
1100
1319
1101
1320
1102
1321
1103
1322
1104
1323
1105
1324
1106
1325
1107
1326
1108
1327
1109
1328
1110
1329
1111
1330
1112
1331
1113
1332
1114
1333
1115
1334
1116
1335
1117
1336
1118
1337
1119
1338
1120
1339
1121
1340
1122
1341
1123
1342
1124
1343
1125
1344
1126
1345
1127
1346
1128
1347
1129
1348
1130
1349
1131
1350
1132
1351
1133
1352
1134
1353
1135
1354
1136
1355
1137
1356
1138
1357
1139
1358
1140
1359
1141
1360
1142
1361
1143
1362
1144
1363
1145
1364
1146
1365
1147
1366
1148
1367
1149
1368
1150
1369
1151
1370
1152
1371
1153
1372
1154
1373
1155
1374
1156
1375
1157
1376
1158
1377
1159
1378
1160
1379
1161
1380
1162
1381
1163
1382
1164
1383
1165
1384
1166
1385
1167
1386
1168
1387
1169
1388
1170
1389
1171
1390
1172
1391
1173
1392
1174
1393
1175
1394
1176
1395
1177
1396
1178
1397
1179
1398
1180
1399
1181
1400
1182
1401
1183
1402
1184
1403
1185
1404
1186
1405
1187
1406
1188
1407
1189
1408
1190
1409
1191
1410
1192
1411
1193
1412
1194
1413
1195
1414
1196
1415
1197
1416
1198
1417
1199
1418
1200
1419
1201
1420
1202
1421
1203
1422
1204
1423
1205
1424
1206
1425
1207
1426
1208
1427
1209
1428
1210
1429
1211
1430
1212
1431
1213
1432
1214
1433
1215
1434
1216
1435
1217
1436
1218
1437
1219
1438
1220
1439
1221
1440
1222
1441
1223
1442
1224
1443
1225
1444
1226
1445
1227
1446
1228
1447
1229
1448
1230
1449
1231
1450
1232
1451
1233
1452
1234
1453
1235
1454
1236
1455
1237
1456
1238
1457
1239
1458
1240
1459
1241
1460
1242
1461
1243
1462
1244
1463
1245
1464
1246
1465
1247
1466
1248
1467
1249
1468
1250
1469
1251
1470
1252
1471
1253
1472
1254
1473
1255
1474
1256
1475
1257
1476
1258
1477
1259
1478
1260
1479
1261
1480
1262
1481
1263
1482
1264
1483
1265
1484
1266
1485
1267
1486
1268
1487
1269
1488
1270
1489
1271
1490
1272
1491
1273
1492
1274
1493
1275
1494
1276
1495
1277
1496
1278
1497
1279
1498
1499
1281
1500
1282
1501
1283
1502
1284
1503
1285
1504
1286
1505
1287
1506
1288
1507
1289
1508
1290
1509
1291
1510
1292
1511
1293
1512
1294
1513
1295
1514
1296
1515
1297
1516
1298
1517
1299
1518
1300
1519
1301
1520
1302
1521
1303
1522
1304
1523
1305
1524
1306
1525
1307
1526
1308
1527
1309
1528
1310
1529
1311
1530
1312
1531
1313
1532
1314
1533
1315
1534
1316
1535
1317
1536
1318
1537
1319
1538
1320
1539
1321
1540
1322
1541
1323
1542
1324
1543
1325
1544
1326
1545
1327
1546
1328
1547
1329
1548
1330
1549
1331
1550
1332
1551
1333
1552
1334
1553
1335
1554
1336
1555
1337
1556
1338
1557
1339
1558
1340
1559
1341
1560
1342
1561
1343
1562
1344
1563
1345
1564
1346
1565
1347
1566
1348
1567
1349
1568
1350
1569
1351
1570
1352
1571
1353
1572
1354
1573
1355
1574
1356
1575
1357
1576
1358
1577
1359
1578
1360
1579
1361
1580
1362
1581
1363
1582
1364
1583
1365
1584
1366
1585
1367
1586
1368
1587
1369
1588
1370
1589
1371
1590
1372
1591
1373
1592
1374
1593
1375
1594
1376
1595
1377
1596
1378
1597
1379
1598
1380
1599
1381
1600
1382
1601
1383
1602
1384
1603
1385
1604
1386
1605
1387
1606
1388
1607
1389
1608
1390
1609
1391
1610
1392
1611
1393
1612
1394
1613
1395
1614
1396
1615
1397
1616
1398
1617
1399
1618
1400
1619
1401
1620
1402
1621
1403
1622
1404
1623
1405
1624
1406
1625
1407
1626
1408
1627
1409
1628
1410
1629
1411
1630
1412
1631
1413
1632
1414
1633
1415
1634
1416
1635
1417
1636
1418
1637
1419
1638
1420
1639
1421
1640
1422
1641
1423
1642
1424
1643
1425
1644
1426
1645
1427
1646
1428
1647
1429
1648
1430
1649
1431
1650
1432
1651
1433
1652
1434
1653
1435
1654
1436
1655
1437
1656
1438
1657
1439
1658
1440
1659
1441
1660
1442
1661
1443
1662
1444
1663
1445
1664
1446
1665
1447
1666
1448
1667
1449
1668
1450
1669
1451
1670
1452
1671
1453
1672
1454
1673
1455
1674
1456
1675
1457
1676
1458
1677
1459
1678
1460
1679
1461
1680
1462
1681
1463
1682
1464
1683
1465
1684
1466
1685
1467
1686
1468
1687
1469
1688
1470
1689
1471
1690
1472
1691
1473
1692
1474
1693
1475
1694
1476
1695
1477
1696
1478
1697
1479
1698
1480
1699
1481
1700
1482
1701
1483
1702
1484
1703
1485
1704
1486
1705
1487
1706
1488
1707
1489
1708
1490
1709
1491
1710
1492
1711
1493
1712
1494
1713
1495
1714
1496
1715
1497
1716
1498
1717
1499
1718
1719
1501
1720
1502
1721
1503
1722
1504
1723
1505
1724
1506
1725
1507
1726
1508
1727
1509
1728
1510
1729
1511
1730
1512
1731
1513
1732
1514
1733
1515
1734
1516
1735
1517
1736
1518
1737
1519
1738
1520
1739
1521
1740
1522
1741
1523
1742
1524
1743
1525
1744
1526
1745
1527
1746
1528
1747
1529
1748
1530
1749
1531
1750
1532
1751
1533
1752
1534
1753
1535
1754
1536
1755
1537
1756
1538
1757
1539
1758
1540
1759
1541
1760
1542
1761
1543
1762
1544
1763
1545
1764
1546
1765
1547
1766
1548
1767
1549
1768
1550
1769
1551
1770
1552
1771
1553
1772
1554
1773
1555
1774
1556
1775
1557
1776
1558
1777
1559
1778
1560
1779
1561
1780
1562
1781
1563
1782
1564
1783
1565
1784
1566
1785
1567
1786
1568
1787
1569
1788
1570
1789
1571
1790
1572
1791
1573
1792
1574
1793
1575
1794
1576
1795
1577
1796
1578
1797
1579
1798
1580
1799
1581
1800
1582
1801
1583
1802
1584
1803
1585
1804
1586
1805
1587
1806
1588
1807
1589
1808
1590
1809
1591
1810
1592
1811
1593
1812
1594
1813
1595
1814
1596
1815
1597
1816
1598
1817
1599
1818
1600
1819
1601
1820
1602
1821
1603
1822
1604
1823
1605
1824
1606
1825
1607
1826
1608
1827
1609
1828
1610
1829
1611
1830
1612
1831
1613
1832
1614
1833
1615
1834
1616
1835
1617
1836
1618
1837
1619
1838
1620
1839
1621
1840
1622
1841
1623
1842
1624
1843
1625
1844
1626
1845
1627
1846
1628
1847
1629
1848
1630
1849
1631
1850
1632
1851
1633
1852
1634
1853
1635
1854
1636
1855
1637
1856
1638
1857
1639
1858
1640
1859
1641
1860
1642
1861
1643
1862
1644
1863
1645
1864
1646
1865
1647
1866
1648
1867
1649
1868
1650
1869
1651
1870
1652
1871
1653
1872
1654
1873
1655
1874
1656
1875
1657
1876
1658
1877
1659
1878
1660
1879
1661
1880
1662
1881
1663
1882
1664
1883
1665
1884
1666
1885
1667
1886
1668
1887
1669
1888
1670
1889
1671
1890
1672
1891
1673
1892
1674
1893
1675
1894
1676
1895
1677
1896
1678
1897
1679
1898
1680
1899
1681
1900
1682
1901
1683
1902
1684
1903
1685
1904
1686
1905
1687
1906
1688
1907
1689
1908
1690
1909
1691
1910
1692
1911
1693
1912
1694
1913
1695
1914
1696
1915
1697
1916
1698
1917
1699
1918
1700
1919
1701
1920
1702
1921
1703
1922
1704
1923
1705
1924
1706
1925
1707
1926
1708
1927
1709
1928
1710
1929
1711
1930
1712
1931
1713
1932
1714
1933
1715
1934
1716
1935
1717
1936
1718
1937
1719
1938
1939
1721
1940
1722
1941
1723
1942
1724
1943
1725
1944
1726
1945
1727
1946
1728
1947
1729
1948
1730
1949
1731
1950
1732
1951
1733
1952
1734
1953
1735
1954
1736
1955
1737
1956
1738
1957
1739
1958
1740
1959
1741
1960
1742
1961
1743
1962
1744
1963
1745
1964
1746
1965
1747
1966
1748
1967
1749
1968
1750
1969
1751
1970
1752
1971
1753
1972
1754
1973
1755
1974
1756
1975
1757
1976
1758
1977
1759
1978
1760
1979
1761
1980
1762
1981
1763
1982
1764
1983
1765
1984
1766
1985
1767
1986
1768
1987
1769
1988
1770
1989
1771
1990
1772
1991
1773
1992
1774
1993
1775
1994
1776
1995
1777
1996
1778
1997
1779
1998
1780
1999
1781
2000
1782
2001
1783
2002
1784
2003
1785
2004
1786
2005
1787
2006
1788
2007
1789
2008
1790
2009
1791
2010
1792
2011
1793
2012
1794
2013
1795
2014
1796
2015
1797
2016
1798
2017
1799
2018
1800
2019
1801
2020
1802
2021
1803
2022
1804
2023
1805
2024
1806
2025
1807
2026
1808
2027
1809
2028
1810
2029
1811
2030
1812
2031
1813
2032
1814
2033
1815
2034
1816
2035
1817
2036
1818
2037
1819
2038
1820
2039
1821
2040
1822
2041
1823
2042
1824
2043
1825
2044
1826
2045
1827
2046
1828
2047
1829
2048
1830
2049
1831
2050
1832
2051
1833
2052
1834
2053
1835
2054
1836
2055
1837
2056
1838
2057
1839
2058
1840
2059
1841
2060
1842
2061
1843
2062
1844
2063
1845
2064
1846
2065
1847
2066
1848
2067
1849
2068
1850
2069
1851
2070
1852
2071
1853
2072
1854
2073
1855
2074
1856
2075
1857
2076
1858
2077
1859
2078
1860
2079
1861
2080
1862
2081
1863
2082
1864
2083
1865
2084
1866
2085
1867
2086
1868
2087
1869
2088
1870
2089
1871
2090
1872
2091
1873
2092
1874
2093
1875
2094
1876
2095
1877
2096
1878
2097
1879
2098
1880
2099
1881
2100
1882
2101
1883
2102
1884
2103
1885
2104
1886
2105
1887
2106
1888
2107
1889
2108
1890
2109
1891
2110
1892
2111
1893
2112
1894
2113
1895
2114
1896
2115
1897
2116
1898
2117
1899
2118
1900
2119
1901
2120
1902
2121
1903
2122
1904
2123
1905
2124
1906
2125
1907
2126
1908
2127
1909
2128
1910
2129
1911
2130
1912
2131
1913
2132
1914
2133
1915
2134
1916
2135
1917
2136
1918
2137
1919
2138
1920
2139
1921
2140
1922
2141
1923
2142
1924
2143
1925
2144
1926
2145
1927
2146
1928
2147
1929
2148
1930
2149
1931
2150
1932
2151
1933
2152
1934
2153
1935
2154
1936
2155
1937
2156
1938
2157
1939
2158
2159
1941
2160
1942
2161
1943
2162
1944
2163
1945
2164
1946
2165
1947
2166
1948
2167
1949
2168
1950
2169
1951
2170
1952
2171
1953
2172
1954
2173
1955
2174
1956
2175
1957
2176
1958
2177
1959
2178
1960
2179
1961
2180
1962
2181
1963
2182
1964
2183
1965
2184
1966
2185
1967
2186
1968
2187
1969
2188
1970
2189
1971
2190
1972
2191
1973
2192
1974
2193
1975
2194
1976
2195
1977
2196
1978
2197
1979
2198
1980
2199
1981
2200
1982
2201
1983
2202
1984
2203
1985
2204
1986
2205
1987
2206
1988
2207
1989
2208
1990
2209
1991
2210
1992
2211
1993
2212
1994
2213
1995
2214
1996
2215
1997
2216
1998
2217
1999
2218
2000
2219
2001
2220
2002
2221
2003
2222
2004
2223
2005
2224
2006
2225
2007
2226
2008
2227
2009
2228
2010
2229
2011
2230
2012
2231
2013
2232
2014
2233
2015
2234
2016
2235
2017
2236
2018
2237
2019
2238
2020
2239
2021
2240
2022
2241
2023
2242
2024
2243
2025
2244
2026
2245
2027
2246
2028
2247
2029
2248
2030
2249
2031
2250
2032
2251
2033
2252
2034
2253
2035
2254
2036
2255
2037
2256
2038
2257
2039
2258
2040
2259
2041
2260
2042
2261
2043
2262
2044
2263
2045
2264
2046
2265
2047
2266
2048
2267
2049
2268
2050
2269
2051
2270
2052
2271
2053
2272
2054
2273
2055
2274
2056
2275
2057
2276
2058
2277
2059
2278
2060
2279
2061
2280
2062
2281
2063
2282
2064
2283
2065
2284
2066
2285
2067
2286
2068
2287
2069
2288
2070
2289
2071
2290
2072
2291
2073
2292
2074
2293
2075
2294
2076
2295
2077
2296
2078
2297
2079
2298
2080
2299
2081
2300
2082
2301
2083
2302
2084
2303
2085
2304
2086
2305
2087
2306
2088
2307
2089
2308
2090
2309
2091
2310
2092
2311
2093
2312
2094
2313
2095
2314
2096
2315
2097
2316
2098
2317
2099
2318
2100
2319
2101
2320
2102
2321
2103
2322
2104
2323
2105
2324
2106
2325
2107
2326
2108
2327
2109
2328
2110
2329
2111
2330
2112
2331
2113
2332
2114
2333
2115
2334
2116
2335
2117
2336
2118
2337
2119
2338
2120
2339
2121
2340
2122
2341
2123
2342
2124
2343
2125
2344
2126
2345
2127
2346
2128
2347
2129
2348
2130
2349
2131
2350
2132
2351
2133
2352
2134
2353
2135
2354
2136
2355
2137
2356
2138
2357
2139
2358
2140
2359
2141
2360
2142
2361
2143
2362
2144
2363
2145
2364
2146
2365
2147
2366
2148
2367
2149
2368
2150
2369
2151
2370
2152
2371
2153
2372
2154
2373
2155
2374
2156
2375
2157
2376
2158
2377
2159
2378
2379
2161
2380
2162
2381
2163
2382
2164
2383
2165
2384
2166
2385
2167
2386
2168
2387
2169
2388
2170
2389
2171
2390
2172
2391
2173
2392
2174
2393
2175
2394
2176
2395
2177
2396
2178
2397
2179
2398
2180
2399
2181
2400
2182
2401
2183
2402
2184
2403
2185
2404
2186
2405
2187
2406
2188
2407
2189
2408
2190
2409
2191
2410
2192
2411
2193
2412
2194
2413
2195
2414
2196
2415
2197
2416
2198
2417
2199
2418
2200
2419
2201
2420
2202
2421
2203
2422
2204
2423
2205
2424
2206
2425
2207
2426
2208
2427
2209
2428
2210
2429
2211
2430
2212
2431
2213
2432
2214
2433
2215
2434
2216
2435
2217
2436
2218
2437
2219
2438
2220
2439
2221
2440
2222
2441
2223
2442
2224
2443
2225
2444
2226
2445
2227
2446
2228
2447
2229
2448
2230
2449
2231
2450
2232
2451
2233
2452
2234
2453
2235
2454
2236
2455
2237
2456
2238
2457
2239
2458
2240
2459
2241
2460
2242
2461
2243
2462
2244
2463
2245
2464
2246
2465
2247
2466
2248
2467
2249
2468
2250
2469
2251
2470
2252
2471
2253
2472
2254
2473
2255
2474
2256
2475
2257
2476
2258
2477
2259
2478
2260
2479
2261
2480
2262
2481
2263
2482
2264
2483
2265
2484
2266
2485
2267
2486
2268
2487
2269
2488
2270
2489
2271
2490
2272
2491
2273
2492
2274
2493
2275
2494
2276
2495
2277
2496
2278
2497
2279
2498
2280
2499
2281
2500
2282
2501
2283
2502
2284
2503
2285
2504
2286
2505
2287
2506
2288
2507
2289
2508
2290
2509
2291
2510
2292
2511
2293
2512
2294
2513
2295
2514
2296
2515
2297
2516
2298
2517
2299
2518
2300
2519
2301
2520
2302
2521
2303
2522
2304
2523
2305
2524
2306
2525
2307
2526
2308
2527
2309
2528
2310
2529
2311
2530
2312
2531
2313
2532
2314
2533
2315
2534
2316
2535
2317
2536
2318
2537
2319
2538
2320
2539
2321
2540
2322
2541
2323
2542
2324
2543
2325
2544
2326
2545
2327
2546
2328
2547
2329
2548
2330
2549
2331
2550
2332
2551
2333
2552
2334
2553
2335
2554
2336
2555
2337
2556
2338
2557
2339
2558
2340
2559
2341
2560
2342
2561
2343
2562
2344
2563
2345
2564
2346
2565
2347
2566
2348
2567
2349
2568
2350
2569
2351
2570
2352
2571
2353
2572
2354
2573
2355
2574
2356
2575
2357
2576
2358
2577
2359
2578
2360
2579
2361
2580
2362
2581
2363
2582
2364
2583
2365
2584
2366
2585
2367
2586
2368
2587
2369
2588
2370
2589
2371
2590
2372
2591
2373
2592
2374
2593
2375
2594
2376
2595
2377
2596
2378
2597
2379
2598
2599
2381
2600
2382
2601
2383
2602
2384
2603
2385
2604
2386
2605
2387
2606
2388
2607
2389
2608
2390
2609
2391
2610
2392
2611
2393
2612
2394
2613
2395
2614
2396
2615
2397
2616
2398
2617
2399
2618
2400
2619
2401
2620
2402
2621
2403
2622
2404
2623
2405
2624
2406
2625
2407
2626
2408
2627
2409
2628
2410
2629
2411
2630
2412
2631
2413
2632
2414
2633
2415
2634
2416
2635
2417
2636
2418
2637
2419
2638
2420
2639
2421
2640
2422
2641
2423
2642
2424
2643
2425
2644
2426
2645
2427
2646
2428
2647
2429
2648
2430
2649
2431
2650
2432
2651
2433
2652
2434
2653
2435
2654
2436
2655
2437
2656
2438
2657
2439
2658
2440
2659
2441
2660
2442
2661
2443
2662
2444
2663
2445
2664
2446
2665
2447
2666
2448
2667
2449
2668
2450
2669
2451
2670
2452
2671
2453
2672
2454
2673
2455
2674
2456
2675
2457
2676
2458
2677
2459
2678
2460
2679
2461
2680
2462
2681
2463
2682
2464
2683
2465
2684
2466
2685
2467
2686
2468
2687
2469
2688
2470
2689
2471
2690
2472
2691
2473
2692
2474
2693
2475
2694
2476
2695
2477
2696
2478
2697
2479
2698
2480
2699
2481
2700
2482
2701
2483
2702
2484
2703
2485
2704
2486
2705
2487
2706
2488
2707
2489
2708
2490
2709
2491
2710
2492
2711
2493
2712
2494
2713
2495
2714
2496
2715
2497
2716
2498
2717
2499
2718
2500
2719
2501
2720
2502
2721
2503
2722
2504
2723
2505
2724
2506
2725
2507
2726
2508
2727
2509
2728
2510
2729
2511
2730
2512
2731
2513
2732
2514
2733
2515
2734
2516
2735
2517
2736
2518
2737
2519
2738
2520
2739
2521
2740
2522
2741
2523
2742
2524
2743
2525
2744
2526
2745
2527
2746
2528
2747
2529
2748
2530
2749
2531
2750
2532
2751
2533
2752
2534
2753
2535
2754
2536
2755
2537
2756
2538
2757
2539
2758
2540
2759
2541
2760
2542
2761
2543
2762
2544
2763
2545
2764
2546
2765
2547
2766
2548
2767
2549
2768
2550
2769
2551
2770
2552
2771
2553
2772
2554
2773
2555
2774
2556
2775
2557
2776
2558
2777
2559
2778
2560
2779
2561
2780
2562
2781
2563
2782
2564
2783
2565
2784
2566
2785
2567
2786
2568
2787
2569
2788
2570
2789
2571
2790
2572
2791
2573
2792
2574
2793
2575
2794
2576
2795
2577
2796
2578
2797
2579
2798
2580
2799
2581
2800
2582
2801
2583
2802
2584
2803
2585
2804
2586
2805
2587
2806
2588
2807
2589
2808
2590
2809
2591
2810
2592
2811
2593
2812
2594
2813
2595
2814
2596
2815
2597
2816
2598
2817
2599
2818
2819
2601
2820
2602
2821
2603
2822
2604
2823
2605
2824
2606
2825
2607
2826
2608
2827
2609
2828
2610
2829
2611
2830
2612
2831
2613
2832
2614
2833
2615
2834
2616
2835
2617
2836
2618
2837
2619
2838
2620
2839
2621
2840
2622
2841
2623
2842
2624
2843
2625
2844
2626
2845
2627
2846
2628
2847
2629
2848
2630
2849
2631
2850
2632
2851
2633
2852
2634
2853
2635
2854
2636
2855
2637
2856
2638
2857
2639
2858
2640
2859
2641
2860
2642
2861
2643
2862
2644
2863
2645
2864
2646
2865
2647
2866
2648
2867
2649
2868
2650
2869
2651
2870
2652
2871
2653
2872
2654
2873
2655
2874
2656
2875
2657
2876
2658
2877
2659
2878
2660
2879
2661
2880
2662
2881
2663
2882
2664
2883
2665
2884
2666
2885
2667
2886
2668
2887
2669
2888
2670
2889
2671
2890
2672
2891
2673
2892
2674
2893
2675
2894
2676
2895
2677
2896
2678
2897
2679
2898
2680
2899
2681
2900
2682
2901
2683
2902
2684
2903
2685
2904
2686
2905
2687
2906
2688
2907
2689
2908
2690
2909
2691
2910
2692
2911
2693
2912
2694
2913
2695
2914
2696
2915
2697
2916
2698
2917
2699
2918
2700
2919
2701
2920
2702
2921
2703
2922
2704
2923
2705
2924
2706
2925
2707
2926
2708
2927
2709
2928
2710
2929
2711
2930
2712
2931
2713
2932
2714
2933
2715
2934
2716
2935
2717
2936
2718
2937
2719
2938
2720
2939
2721
2940
2722
2941
2723
2942
2724
2943
2725
2944
2726
2945
2727
2946
2728
2947
2729
2948
2730
2949
2731
2950
2732
2951
2733
2952
2734
2953
2735
2954
2736
2955
2737
2956
2738
2957
2739
2958
2740
2959
2741
2960
2742
2961
2743
2962
2744
2963
2745
2964
2746
2965
2747
2966
2748
2967
2749
2968
2750
2969
2751
2970
2752
2971
2753
2972
2754
2973
2755
2974
2756
2975
2757
2976
2758
2977
2759
2978
2760
2979
2761
2980
2762
2981
2763
2982
2764
2983
2765
2984
2766
2985
2767
2986
2768
2987
2769
2988
2770
2989
2771
2990
2772
2991
2773
2992
2774
2993
2775
2994
2776
2995
2777
2996
2778
2997
2779
2998
2780
2999
2781
3000
2782
3001
2783
3002
2784
3003
2785
3004
2786
3005
2787
3006
2788
3007
2789
3008
2790
3009
2791
3010
2792
3011
2793
3012
2794
3013
2795
3014
2796
3015
2797
3016
2798
3017
2799
3018
2800
3019
2801
3020
2802
3021
2803
3022
2804
3023
2805
3024
2806
3025
2807
3026
2808
3027
2809
3028
2810
3029
2811
3030
2812
3031
2813
3032
2814
3033
2815
3034
2816
3035
2817
3036
2818
3037
2819
3038
3039
2821
3040
2822
3041
2823
3042
2824
3043
2825
3044
2826
3045
2827
3046
2828
3047
2829
3048
2830
3049
2831
3050
2832
3051
2833
3052
2834
3053
2835
3054
2836
3055
2837
3056
2838
3057
2839
3058
2840
3059
2841
3060
2842
3061
2843
3062
2844
3063
2845
3064
2846
3065
2847
3066
2848
3067
2849
3068
2850
3069
2851
3070
2852
3071
2853
3072
2854
3073
2855
3074
2856
3075
2857
3076
2858
3077
2859
3078
2860
3079
2861
3080
2862
3081
2863
3082
2864
3083
2865
3084
2866
3085
2867
3086
2868
3087
2869
3088
2870
3089
2871
3090
2872
3091
2873
3092
2874
3093
2875
3094
2876
3095
2877
3096
2878
3097
2879
3098
2880
3099
2881
3100
2882
3101
2883
3102
2884
3103
2885
3104
2886
3105
2887
3106
2888
3107
2889
3108
2890
3109
2891
3110
2892
3111
2893
3112
2894
3113
2895
3114
2896
3115
2897
3116
2898
3117
2899
3118
2900
3119
2901
3120
2902
3121
2903
3122
2904
3123
2905
3124
2906
3125
2907
3126
2908
3127
2909
3128
2910
3129
2911
3130
2912
3131
2913
3132
2914
3133
2915
3134
2916
3135
2917
3136
2918
3137
2919
3138
2920
3139
2921
3140
2922
3141
2923
3142
2924
3143
2925
3144
2926
3145
2927
3146
2928
3147
2929
3148
2930
3149
2931
3150
2932
3151
2933
3152
2934
3153
2935
3154
2936
3155
2937
3156
2938
3157
2939
3158
2940
3159
2941
3160
2942
3161
2943
3162
2944
3163
2945
3164
2946
3165
2947
3166
2948
3167
2949
3168
2950
3169
2951
3170
2952
3171
2953
3172
2954
3173
2955
3174
2956
3175
2957
3176
2958
3177
2959
3178
2960
3179
2961
3180
2962
3181
2963
3182
2964
3183
2965
3184
2966
3185
2967
3186
2968
3187
2969
3188
2970
3189
2971
3190
2972
3191
2973
3192
2974
3193
2975
3194
2976
3195
2977
3196
2978
3197
2979
3198
2980
3199
2981
3200
2982
3201
2983
3202
2984
3203
2985
3204
2986
3205
2987
3206
2988
3207
2989
3208
2990
3209
2991
3210
2992
3211
2993
3212
2994
3213
2995
3214
2996
3215
2997
3216
2998
3217
2999
3218
3000
3219
3001
3220
3002
3221
3003
3222
3004
3223
3005
3224
3006
3225
3007
3226
3008
3227
3009
3228
3010
3229
3011
3230
3012
3231
3013
3232
3014
3233
3015
3234
3016
3235
3017
3236
3018
3237
3019
3238
3020
3239
3021
3240
3022
3241
3023
3242
3024
3243
3025
3244
3026
3245
3027
3246
3028
3247
3029
3248
3030
3249
3031
3250
3032
3251
3033
3252
3034
3253
3035
3254
3036
3255
3037
3256
3038
3257
3039
3258
3259
3041
3260
3042
3261
3043
3262
3044
3263
3045
3264
3046
3265
3047
3266
3048
3267
3049
3268
3050
3269
3051
3270
3052
3271
3053
3272
3054
3273
3055
3274
3056
3275
3057
3276
3058
3277
3059
3278
3060
3279
3061
3280
3062
3281
3063
3282
3064
3283
3065
3284
3066
3285
3067
3286
3068
3287
3069
3288
3070
3289
3071
3290
3072
3291
3073
3292
3074
3293
3075
3294
3076
3295
3077
3296
3078
3297
3079
3298
3080
3299
3081
3300
3082
3301
3083
3302
3084
3303
3085
3304
3086
3305
3087
3306
3088
3307
3089
3308
3090
3309
3091
3310
3092
3311
3093
3312
3094
3313
3095
3314
3096
3315
3097
3316
3098
3317
3099
3318
3100
3319
3101
3320
3102
3321
3103
3322
3104
3323
3105
3324
3106
3325
3107
3326
3108
3327
3109
3328
3110
3329
3111
3330
3112
3331
3113
3332
3114
3333
3115
3334
3116
3335
3117
3336
3118
3337
3119
3338
3120
3339
3121
3340
3122
3341
3123
3342
3124
3343
3125
3344
3126
3345
3127
3346
3128
3347
3129
3348
3130
3349
3131
3350
3132
3351
3133
3352
3134
3353
3135
3354
3136
3355
3137
3356
3138
3357
3139
3358
3140
3359
3141
3360
3142
3361
3143
3362
3144
3363
3145
3364
3146
3365
3147
3366
3148
3367
3149
3368
3150
3369
3151
3370
3152
3371
3153
3372
3154
3373
3155
3374
3156
3375
3157
3376
3158
3377
3159
3378
3160
3379
3161
3380
3162
3381
3163
3382
3164
3383
3165
3384
3166
3385
3167
3386
3168
3387
3169
3388
3170
3389
3171
3390
3172
3391
3173
3392
3174
3393
3175
3394
3176
3395
3177
3396
3178
3397
3179
3398
3180
3399
3181
3400
3182
3401
3183
3402
3184
3403
3185
3404
3186
3405
3187
3406
3188
3407
3189
3408
3190
3409
3191
3410
3192
3411
3193
3412
3194
3413
3195
3414
3196
3415
3197
3416
3198
3417
3199
3418
3200
3419
3201
3420
3202
3421
3203
3422
3204
3423
3205
3424
3206
3425
3207
3426
3208
3427
3209
3428
3210
3429
3211
3430
3212
3431
3213
3432
3214
3433
3215
3434
3216
3435
3217
3436
3218
3437
3219
3438
3220
3439
3221
3440
3222
3441
3223
3442
3224
3443
3225
3444
3226
3445
3227
3446
3228
3447
3229
3448
3230
3449
3231
3450
3232
3451
3233
3452
3234
3453
3235
3454
3236
3455
3237
3456
3238
3457
3239
3458
3240
3459
3241
3460
3242
3461
3243
3462
3244
3463
3245
3464
3246
3465
3247
3466
3248
3467
3249
3468
3250
3469
3251
3470
3252
3471
3253
3472
3254
3473
3255
3474
3256
3475
3257
3476
3258
3477
3259
3478
3479
3261
3480
3262
3481
3263
3482
3264
3483
3265
3484
3266
3485
3267
3486
3268
3487
3269
3488
3270
3489
3271
3490
3272
3491
3273
3492
3274
3493
3275
3494
3276
3495
3277
3496
3278
3497
3279
3498
3280
3499
3281
3500
3282
3501
3283
3502
3284
3503
3285
3504
3286
3505
3287
3506
3288
3507
3289
3508
3290
3509
3291
3510
3292
3511
3293
3512
3294
3513
3295
3514
3296
3515
3297
3516
3298
3517
3299
3518
3300
3519
3301
3520
3302
3521
3303
3522
3304
3523
3305
3524
3306
3525
3307
3526
3308
3527
3309
3528
3310
3529
3311
3530
3312
3531
3313
3532
3314
3533
3315
3534
3316
3535
3317
3536
3318
3537
3319
3538
3320
3539
3321
3540
3322
3541
3323
3542
3324
3543
3325
3544
3326
3545
3327
3546
3328
3547
3329
3548
3330
3549
3331
3550
3332
3551
3333
3552
3334
3553
3335
3554
3336
3555
3337
3556
3338
3557
3339
3558
3340
3559
3341
3560
3342
3561
3343
3562
3344
3563
3345
3564
3346
3565
3347
3566
3348
3567
3349
3568
3350
3569
3351
3570
3352
3571
3353
3572
3354
3573
3355
3574
3356
3575
3357
3576
3358
3577
3359
3578
3360
3579
3361
3580
3362
3581
3363
3582
3364
3583
3365
3584
3366
3585
3367
3586
3368
3587
3369
3588
3370
3589
3371
3590
3372
3591
3373
3592
3374
3593
3375
3594
3376
3595
3377
3596
3378
3597
3379
3598
3380
3599
3381
3600
3382
3601
3383
3602
3384
3603
3385
3604
3386
3605
3387
3606
3388
3607
3389
3608
3390
3609
3391
3610
3392
3611
3393
3612
3394
3613
3395
3614
3396
3615
3397
3616
3398
3617
3399
3618
3400
3619
3401
3620
3402
3621
3403
3622
3404
3623
3405
3624
3406
3625
3407
3626
3408
3627
3409
3628
3410
3629
3411
3630
3412
3631
3413
3632
3414
3633
3415
3634
3416
3635
3417
3636
3418
3637
3419
3638
3420
3639
3421
3640
3422
3641
3423
3642
3424
3643
3425
3644
3426
3645
3427
3646
3428
3647
3429
3648
3430
3649
3431
3650
3432
3651
3433
3652
3434
3653
3435
3654
3436
3655
3437
3656
3438
3657
3439
3658
3440
3659
3441
3660
3442
3661
3443
3662
3444
3663
3445
3664
3446
3665
3447
3666
3448
3667
3449
3668
3450
3669
3451
3670
3452
3671
3453
3672
3454
3673
3455
3674
3456
3675
3457
3676
3458
3677
3459
3678
3460
3679
3461
3680
3462
3681
3463
3682
3464
3683
3465
3684
3466
3685
3467
3686
3468
3687
3469
3688
3470
3689
3471
3690
3472
3691
3473
3692
3474
3693
3475
3694
3476
3695
3477
3696
3478
3697
3479
3698
3699
3481
3700
3482
3701
3483
3702
3484
3703
3485
3704
3486
3705
3487
3706
3488
3707
3489
3708
3490
3709
3491
3710
3492
3711
3493
3712
3494
3713
3495
3714
3496
3715
3497
3716
3498
3717
3499
3718
3500
3719
3501
3720
3502
3721
3503
3722
3504
3723
3505
3724
3506
3725
3507
3726
3508
3727
3509
3728
3510
3729
3511
3730
3512
3731
3513
3732
3514
3733
3515
3734
3516
3735
3517
3736
3518
3737
3519
3738
3520
3739
3521
3740
3522
3741
3523
3742
3524
3743
3525
3744
3526
3745
3527
3746
3528
3747
3529
3748
3530
3749
3531
3750
3532
3751
3533
3752
3534
3753
3535
3754
3536
3755
3537
3756
3538
3757
3539
3758
3540
3759
3541
3760
3542
3761
3543
3762
3544
3763
3545
3764
3546
3765
3547
3766
3548
3767
3549
3768
3550
3769
3551
3770
3552
3771
3553
3772
3554
3773
3555
3774
3556
3775
3557
3776
3558
3777
3559
3778
3560
3779
3561
3780
3562
3781
3563
3782
3564
3783
3565
3784
3566
3785
3567
3786
3568
3787
3569
3788
3570
3789
3571
3790
3572
3791
3573
3792
3574
3793
3575
3794
3576
3795
3577
3796
3578
3797
3579
3798
3580
3799
3581
3800
3582
3801
3583
3802
3584
3803
3585
3804
3586
3805
3587
3806
3588
3807
3589
3808
3590
3809
3591
3810
3592
3811
3593
3812
3594
3813
3595
3814
3596
3815
3597
3816
3598
3817
3599
3818
3600
3819
3601
3820
3602
3821
3603
3822
3604
3823
3605
3824
3606
3825
3607
3826
3608
3827
3609
3828
3610
3829
3611
3830
3612
3831
3613
3832
3614
3833
3615
3834
3616
3835
3617
3836
3618
3837
3619
3838
3620
3839
3621
3840
3622
3841
3623
3842
3624
3843
3625
3844
3626
3845
3627
3846
3628
3847
3629
3848
3630
3849
3631
3850
3632
3851
3633
3852
3634
3853
3635
3854
3636
3855
3637
3856
3638
3857
3639
3858
3640
3859
3641
3860
3642
3861
3643
3862
3644
3863
3645
3864
3646
3865
3647
3866
3648
3867
3649
3868
3650
3869
3651
3870
3652
3871
3653
3872
3654
3873
3655
3874
3656
3875
3657
3876
3658
3877
3659
3878
3660
3879
3661
3880
3662
3881
3663
3882
3664
3883
3665
3884
3666
3885
3667
3886
3668
3887
3669
3888
3670
3889
3671
3890
3672
3891
3673
3892
3674
3893
3675
3894
3676
3895
3677
3896
3678
3897
3679
3898
3680
3899
3681
3900
3682
3901
3683
3902
3684
3903
3685
3904
3686
3905
3687
3906
3688
3907
3689
3908
3690
3909
3691
3910
3692
3911
3693
3912
3694
3913
3695
3914
3696
3915
3697
3916
3698
3917
3699
3918
3919
3701
3920
3702
3921
3703
3922
3704
3923
3705
3924
3706
3925
3707
3926
3708
3927
3709
3928
3710
3929
3711
3930
3712
3931
3713
3932
3714
3933
3715
3934
3716
3935
3717
3936
3718
3937
3719
3938
3720
3939
3721
3940
3722
3941
3723
3942
3724
3943
3725
3944
3726
3945
3727
3946
3728
3947
3729
3948
3730
3949
3731
3950
3732
3951
3733
3952
3734
3953
3735
3954
3736
3955
3737
3956
3738
3957
3739
3958
3740
3959
3741
3960
3742
3961
3743
3962
3744
3963
3745
3964
3746
3965
3747
3966
3748
3967
3749
3968
3750
3969
3751
3970
3752
3971
3753
3972
3754
3973
3755
3974
3756
3975
3757
3976
3758
3977
3759
3978
3760
3979
3761
3980
3762
3981
3763
3982
3764
3983
3765
3984
3766
3985
3767
3986
3768
3987
3769
3988
3770
3989
3771
3990
3772
3991
3773
3992
3774
3993
3775
3994
3776
3995
3777
3996
3778
3997
3779
3998
3780
3999
3781
4000
3782
4001
3783
4002
3784
4003
3785
4004
3786
4005
3787
4006
3788
4007
3789
4008
3790
4009
3791
4010
3792
4011
3793
4012
3794
4013
3795
4014
3796
4015
3797
4016
3798
4017
3799
4018
3800
4019
3801
4020
3802
4021
3803
4022
3804
4023
3805
4024
3806
4025
3807
4026
3808
4027
3809
4028
3810
4029
3811
4030
3812
4031
3813
4032
3814
4033
3815
4034
3816
4035
3817
4036
3818
4037
3819
4038
3820
4039
3821
4040
3822
4041
3823
4042
3824
4043
3825
4044
3826
4045
3827
4046
3828
4047
3829
4048
3830
4049
3831
4050
3832
4051
3833
4052
3834
4053
3835
4054
3836
4055
3837
4056
3838
4057
3839
4058
3840
4059
3841
4060
3842
4061
3843
4062
3844
4063
3845
4064
3846
4065
3847
4066
3848
4067
3849
4068
3850
4069
3851
4070
3852
4071
3853
4072
3854
4073
3855
4074
3856
4075
3857
4076
3858
4077
3859
4078
3860
4079
3861
4080
3862
4081
3863
4082
3864
4083
3865
4084
3866
4085
3867
4086
3868
4087
3869
4088
3870
4089
3871
4090
3872
4091
3873
4092
3874
4093
3875
4094
3876
4095
3877
4096
3878
4097
3879
4098
3880
4099
3881
4100
3882
4101
3883
4102
3884
4103
3885
4104
3886
4105
3887
4106
3888
4107
3889
4108
3890
4109
3891
4110
3892
4111
3893
4112
3894
4113
3895
4114
3896
4115
3897
4116
3898
4117
3899
4118
3900
4119
3901
4120
3902
4121
3903
4122
3904
4123
3905
4124
3906
4125
3907
4126
3908
4127
3909
4128
3910
4129
3911
4130
3912
4131
3913
4132
3914
4133
3915
4134
3916
4135
3917
4136
3918
4137
3919
4138
4139
3921
4140
3922
4141
3923
4142
3924
4143
3925
4144
3926
4145
3927
4146
3928
4147
3929
4148
3930
4149
3931
4150
3932
4151
3933
4152
3934
4153
3935
4154
3936
4155
3937
4156
3938
4157
3939
4158
3940
4159
3941
4160
3942
4161
3943
4162
3944
4163
3945
4164
3946
4165
3947
4166
3948
4167
3949
4168
3950
4169
3951
4170
3952
4171
3953
4172
3954
4173
3955
4174
3956
4175
3957
4176
3958
4177
3959
4178
3960
4179
3961
4180
3962
4181
3963
4182
3964
4183
3965
4184
3966
4185
3967
4186
3968
4187
3969
4188
3970
4189
3971
4190
3972
4191
3973
4192
3974
4193
3975
4194
3976
4195
3977
4196
3978
4197
3979
4198
3980
4199
3981
4200
3982
4201
3983
4202
3984
4203
3985
4204
3986
4205
3987
4206
3988
4207
3989
4208
3990
4209
3991
4210
3992
4211
3993
4212
3994
4213
3995
4214
3996
4215
3997
4216
3998
4217
3999
4218
4000
4219
4001
4220
4002
4221
4003
4222
4004
4223
4005
4224
4006
4225
4007
4226
4008
4227
4009
4228
4010
4229
4011
4230
4012
4231
4013
4232
4014
4233
4015
4234
4016
4235
4017
4236
4018
4237
4019
4238
4020
4239
4021
4240
4022
4241
4023
4242
4024
4243
4025
4244
4026
4245
4027
4246
4028
4247
4029
4248
4030
4249
4031
4250
4032
4251
4033
4252
4034
4253
4035
4254
4036
4255
4037
4256
4038
4257
4039
4258
4040
4259
4041
4260
4042
4261
4043
4262
4044
4263
4045
4264
4046
4265
4047
4266
4048
4267
4049
4268
4050
4269
4051
4270
4052
4271
4053
4272
4054
4273
4055
4274
4056
4275
4057
4276
4058
4277
4059
4278
4060
4279
4061
4280
4062
4281
4063
4282
4064
4283
4065
4284
4066
4285
4067
4286
4068
4287
4069
4288
4070
4289
4071
4290
4072
4291
4073
4292
4074
4293
4075
4294
4076
4295
4077
4296
4078
4297
4079
4298
4080
4299
4081
4300
4082
4301
4083
4302
4084
4303
4085
4304
4086
4305
4087
4306
4088
4307
4089
4308
4090
4309
4091
4310
4092
4311
4093
4312
4094
4313
4095
4314
4096
4315
4097
4316
4098
4317
4099
4318
4100
4319
4101
4320
4102
4321
4103
4322
4104
4323
4105
4324
4106
4325
4107
4326
4108
4327
4109
4328
4110
4329
4111
4330
4112
4331
4113
4332
4114
4333
4115
4334
4116
4335
4117
4336
4118
4337
4119
4338
4120
4339
4121
4340
4122
4341
4123
4342
4124
4343
4125
4344
4126
4345
4127
4346
4128
4347
4129
4348
4130
4349
4131
4350
4132
4351
4133
4352
4134
4353
4135
4354
4136
4355
4137
4356
4138
4357
4139
4358
4359
4141
4360
4142
4361
4143
4362
4144
4363
4145
4364
4146
4365
4147
4366
4148
4367
4149
4368
4150
4369
4151
4370
4152
4371
4153
4372
4154
4373
4155
4374
4156
4375
4157
4376
4158
4377
4159
4378
4160
4379
4161
4380
4162
4381
4163
4382
4164
4383
4165
4384
4166
4385
4167
4386
4168
4387
4169
4388
4170
4389
4171
4390
4172
4391
4173
4392
4174
4393
4175
4394
4176
4395
4177
4396
4178
4397
4179
4398
4180
4399
4181
4400
4182
4401
4183
4402
4184
4403
4185
4404
4186
4405
4187
4406
4188
4407
4189
4408
4190
4409
4191
4410
4192
4411
4193
4412
4194
4413
4195
4414
4196
4415
4197
4416
4198
4417
4199
4418
4200
4419
4201
4420
4202
4421
4203
4422
4204
4423
4205
4424
4206
4425
4207
4426
4208
4427
4209
4428
4210
4429
4211
4430
4212
4431
4213
4432
4214
4433
4215
4434
4216
4435
4217
4436
4218
4437
4219
4438
4220
4439
4221
4440
4222
4441
4223
4442
4224
4443
4225
4444
4226
4445
4227
4446
4228
4447
4229
4448
4230
4449
4231
4450
4232
4451
4233
4452
4234
4453
4235
4454
4236
4455
4237
4456
4238
4457
4239
4458
4240
4459
4241
4460
4242
4461
4243
4462
4244
4463
4245
4464
4246
4465
4247
4466
4248
4467
4249
4468
4250
4469
4251
4470
4252
4471
4253
4472
4254
4473
4255
4474
4256
4475
4257
4476
4258
4477
4259
4478
4260
4479
4261
4480
4262
4481
4263
4482
4264
4483
4265
4484
4266
4485
4267
4486
4268
4487
4269
4488
4270
4489
4271
4490
4272
4491
4273
4492
4274
4493
4275
4494
4276
4495
4277
4496
4278
4497
4279
4498
4280
4499
4281
4500
4282
4501
4283
4502
4284
4503
4285
4504
4286
4505
4287
4506
4288
4507
4289
4508
4290
4509
4291
4510
4292
4511
4293
4512
4294
4513
4295
4514
4296
4515
4297
4516
4298
4517
4299
4518
4300
4519
4301
4520
4302
4521
4303
4522
4304
4523
4305
4524
4306
4525
4307
4526
4308
4527
4309
4528
4310
4529
4311
4530
4312
4531
4313
4532
4314
4533
4315
4534
4316
4535
4317
4536
4318
4537
4319
4538
4320
4539
4321
4540
4322
4541
4323
4542
4324
4543
4325
4544
4326
4545
4327
4546
4328
4547
4329
4548
4330
4549
4331
4550
4332
4551
4333
4552
4334
4553
4335
4554
4336
4555
4337
4556
4338
4557
4339
4558
4340
4559
4341
4560
4342
4561
4343
4562
4344
4563
4345
4564
4346
4565
4347
4566
4348
4567
4349
4568
4350
4569
4351
4570
4352
4571
4353
4572
4354
4573
4355
4574
4356
4575
4357
4576
4358
4577
4359
4578
4579
4361
4580
4362
4581
4363
4582
4364
4583
4365
4584
4366
4585
4367
4586
4368
4587
4369
4588
4370
4589
4371
4590
4372
4591
4373
4592
4374
4593
4375
4594
4376
4595
4377
4596
4378
4597
4379
4598
4380
4599
4381
4600
4382
4601
4383
4602
4384
4603
4385
4604
4386
4605
4387
4606
4388
4607
4389
4608
4390
4609
4391
4610
4392
4611
4393
4612
4394
4613
4395
4614
4396
4615
4397
4616
4398
4617
4399
4618
4400
4619
4401
4620
4402
4621
4403
4622
4404
4623
4405
4624
4406
4625
4407
4626
4408
4627
4409
4628
4410
4629
4411
4630
4412
4631
4413
4632
4414
4633
4415
4634
4416
4635
4417
4636
4418
4637
4419
4638
4420
4639
4421
4640
4422
4641
4423
4642
4424
4643
4425
4644
4426
4645
4427
4646
4428
4647
4429
4648
4430
4649
4431
4650
4432
4651
4433
4652
4434
4653
4435
4654
4436
4655
4437
4656
4438
4657
4439
4658
4440
4659
4441
4660
4442
4661
4443
4662
4444
4663
4445
4664
4446
4665
4447
4666
4448
4667
4449
4668
4450
4669
4451
4670
4452
4671
4453
4672
4454
4673
4455
4674
4456
4675
4457
4676
4458
4677
4459
4678
4460
4679
4461
4680
4462
4681
4463
4682
4464
4683
4465
4684
4466
4685
4467
4686
4468
4687
4469
4688
4470
4689
4471
4690
4472
4691
4473
4692
4474
4693
4475
4694
4476
4695
4477
4696
4478
4697
4479
4698
4480
4699
4481
4700
4482
4701
4483
4702
4484
4703
4485
4704
4486
4705
4487
4706
4488
4707
4489
4708
4490
4709
4491
4710
4492
4711
4493
4712
4494
4713
4495
4714
4496
4715
4497
4716
4498
4717
4499
4718
4500
4719
4501
4720
4502
4721
4503
4722
4504
4723
4505
4724
4506
4725
4507
4726
4508
4727
4509
4728
4510
4729
4511
4730
4512
4731
4513
4732
4514
4733
4515
4734
4516
4735
4517
4736
4518
4737
4519
4738
4520
4739
4521
4740
4522
4741
4523
4742
4524
4743
4525
4744
4526
4745
4527
4746
4528
4747
4529
4748
4530
4749
4531
4750
4532
4751
4533
4752
4534
4753
4535
4754
4536
4755
4537
4756
4538
4757
4539
4758
4540
4759
4541
4760
4542
4761
4543
4762
4544
4763
4545
4764
4546
4765
4547
4766
4548
4767
4549
4768
4550
4769
4551
4770
4552
4771
4553
4772
4554
4773
4555
4774
4556
4775
4557
4776
4558
4777
4559
4778
4560
4779
4561
4780
4562
4781
4563
4782
4564
4783
4565
4784
4566
4785
4567
4786
4568
4787
4569
4788
4570
4789
4571
4790
4572
4791
4573
4792
4574
4793
4575
4794
4576
4795
4577
4796
4578
4797
4579
4798
4799
4581
4582
4583
4584
4585
4586
4587
4588
4589
4590
4591
4592
4593
4594
4595
4596
4597
4598
4599
4600
4601
4602
4603
4604
4605
4606
4607
4608
4609
4610
4611
4612
4613
4614
4615
4616
4617
4618
4619
4620
4621
4622
4623
4624
4625
4626
4627
4628
4629
4630
4631
4632
4633
4634
4635
4636
4637
4638
4639
4640
4641
4642
4643
4644
4645
4646
4647
4648
4649
4650
4651
4652
4653
4654
4655
4656
4657
4658
4659
4660
4661
4662
4663
4664
4665
4666
4667
4668
4669
4670
4671
4672
4673
4674
4675
4676
4677
4678
4679
4680
4681
4682
4683
4684
4685
4686
4687
4688
4689
4690
4691
4692
4693
4694
4695
4696
4697
4698
4699
4700
4701
4702
4703
4704
4705
4706
4707
4708
4709
4710
4711
4712
4713
4714
4715
4716
4717
4718
4719
4720
4721
4722
4723
4724
4725
4726
4727
4728
4729
4730
4731
4732
4733
4734
4735
4736
4737
4738
4739
4740
4741
4742
4743
4744
4745
4746
4747
4748
4749
4750
4751
4752
4753
4754
4755
4756
4757
4758
4759
4760
4761
4762
4763
4764
4765
4766
4767
4768
4769
4770
4771
4772
4773
4774
4775
4776
4777
4778
4779
4780
4781
4782
4783
4784
4785
4786
4787
4788
4789
4790
4791
4792
4793
4794
4795
4796
4797
4798
4799
)


// ************************************************************************* //
